time	V(out)
0.000000000000000e+00	1.004372e+00
1.428571419889328e-09	1.004366e+00
2.857142839778655e-09	1.004352e+00
4.285714259667983e-09	1.004328e+00
5.714285679557311e-09	1.004296e+00
7.142857099446638e-09	1.004255e+00
8.571428519335966e-09	1.004204e+00
9.999999939225290e-09	1.004145e+00
1.999999987845058e-08	1.003558e+00
3.999999975690116e-08	1.001814e+00
7.999999951380232e-08	9.982976e-01
1.599999990276046e-07	9.945490e-01
2.419371543725601e-07	9.946788e-01
3.507647001751801e-07	9.963052e-01
4.524496167361021e-07	9.965174e-01
5.992346925434205e-07	9.961494e-01
7.562243849490062e-07	9.959713e-01
1.000000000000000e-06	9.954916e-01
1.024377561505099e-06	9.963595e-01
1.073132684515298e-06	9.978569e-01
1.170642930535696e-06	9.993036e-01
1.259445954117802e-06	9.994172e-01
1.377497261169154e-06	9.992662e-01
1.540188970491154e-06	9.993001e-01
1.791345867272145e-06	9.993004e-01
2.293659660834129e-06	9.992959e-01
3.270222160834129e-06	9.992976e-01
4.246784660834129e-06	9.992976e-01
5.223347160834129e-06	9.992976e-01
6.199909660834129e-06	9.992976e-01
7.176472160834129e-06	9.992976e-01
8.153034660834129e-06	9.992976e-01
9.129597160834128e-06	9.992976e-01
1.010615966083413e-05	9.992975e-01
1.108272216083413e-05	9.992976e-01
1.205928466083413e-05	9.992975e-01
1.303584716083413e-05	9.992976e-01
1.401240966083413e-05	9.992976e-01
1.498897216083413e-05	9.992976e-01
1.596553466083413e-05	9.992976e-01
1.694209716083414e-05	9.992976e-01
1.791865966083414e-05	9.992976e-01
1.889522216083414e-05	9.992976e-01
1.987178466083414e-05	9.992976e-01
2.084834716083414e-05	9.992976e-01
2.182490966083414e-05	9.992976e-01
2.280147216083414e-05	9.992976e-01
2.377803466083414e-05	9.992976e-01
2.838182930369129e-05	9.992976e-01
3.298562394654844e-05	9.992976e-01
3.758941858940559e-05	9.992976e-01
4.219321323226273e-05	9.992976e-01
4.679700787511989e-05	9.992976e-01
5.140080251797704e-05	9.992976e-01
5.600459716083417e-05	9.992976e-01
1.010000000000000e-04	9.992976e-01
1.010535395465005e-04	1.001004e+00
1.011606186395016e-04	1.003345e+00
1.013193068320168e-04	1.004844e+00
1.014750613172413e-04	1.005819e+00
1.016360171801408e-04	1.007305e+00
1.016780882742011e-04	1.007730e+00
1.017622304623216e-04	1.008646e+00
1.018317156237589e-04	1.009584e+00
1.018610296771254e-04	1.010063e+00
1.019196577838584e-04	1.011222e+00
1.020000000000000e-04	1.013040e+00
1.020080342216142e-04	1.012987e+00
1.020241026648425e-04	1.012459e+00
1.020562395512991e-04	1.010371e+00
1.021205133242124e-04	1.006261e+00
1.022311049162571e-04	1.003319e+00
1.023517621298260e-04	1.003947e+00
1.024804065527768e-04	1.004740e+00
1.026666988299475e-04	1.004393e+00
1.028843017036827e-04	1.004249e+00
1.033195074511531e-04	1.004386e+00
1.037167895678851e-04	1.004346e+00
1.045113538013492e-04	1.004375e+00
1.054879163013492e-04	1.004370e+00
1.064644788013492e-04	1.004374e+00
1.074410413013492e-04	1.004371e+00
1.084176038013492e-04	1.004373e+00
1.093941663013492e-04	1.004372e+00
1.103707288013492e-04	1.004372e+00
1.113472913013492e-04	1.004372e+00
1.123238538013492e-04	1.004372e+00
1.133004163013492e-04	1.004373e+00
1.142769788013492e-04	1.004371e+00
1.152535413013492e-04	1.004373e+00
1.162301038013492e-04	1.004371e+00
1.172066663013492e-04	1.004373e+00
1.181832288013492e-04	1.004371e+00
1.191597913013492e-04	1.004373e+00
1.201363538013493e-04	1.004372e+00
1.211129163013493e-04	1.004373e+00
1.220894788013492e-04	1.004372e+00
1.230660413013492e-04	1.004372e+00
1.240426038013492e-04	1.004372e+00
1.250191663013492e-04	1.004372e+00
1.259957288013492e-04	1.004372e+00
1.269722913013492e-04	1.004372e+00
1.279488538013492e-04	1.004372e+00
1.289254163013492e-04	1.004372e+00
1.299019788013492e-04	1.004372e+00
1.308785413013492e-04	1.004372e+00
1.318551038013492e-04	1.004372e+00
1.328316663013492e-04	1.004372e+00
1.338082288013492e-04	1.004372e+00
1.347847913013492e-04	1.004372e+00
1.357613538013493e-04	1.004372e+00
1.367379163013493e-04	1.004372e+00
1.386910413013493e-04	1.004372e+00
1.396676038013493e-04	1.004372e+00
1.406441663013493e-04	1.004372e+00
1.416207288013493e-04	1.004372e+00
1.425972913013493e-04	1.004372e+00
1.435738538013493e-04	1.004372e+00
1.445504163013493e-04	1.004372e+00
1.455269788013493e-04	1.004372e+00
1.465035413013493e-04	1.004372e+00
1.474801038013493e-04	1.004372e+00
1.484566663013493e-04	1.004372e+00
1.494332288013493e-04	1.004372e+00
1.504097913013493e-04	1.004372e+00
1.513863538013493e-04	1.004372e+00
2.000000000000000e-04	1.004372e+00
2.000593783192569e-04	1.000549e+00
2.001781349577707e-04	9.959052e-01
2.003140068464952e-04	9.954959e-01
2.004237075308033e-04	9.964258e-01
2.005521213415450e-04	9.963754e-01
2.007174622002947e-04	9.960290e-01
2.008241812774906e-04	9.959151e-01
2.010000000000000e-04	9.954742e-01
2.010175818722509e-04	9.960953e-01
2.010527456167528e-04	9.973626e-01
2.011230731057565e-04	9.989836e-01
2.012073207964761e-04	9.994325e-01
2.013124756032956e-04	9.992959e-01
2.014358441572104e-04	9.992768e-01
2.016825812650399e-04	9.993036e-01
2.021175129131986e-04	9.992955e-01
2.028426242719481e-04	9.992982e-01
2.038191867719481e-04	9.992975e-01
2.047957492719481e-04	9.992977e-01
2.057723117719481e-04	9.992975e-01
2.067488742719481e-04	9.992976e-01
2.077254367719481e-04	9.992975e-01
2.087019992719481e-04	9.992976e-01
2.096785617719481e-04	9.992975e-01
2.106551242719481e-04	9.992976e-01
2.116316867719481e-04	9.992975e-01
2.126082492719481e-04	9.992975e-01
2.135848117719481e-04	9.992976e-01
2.145613742719481e-04	9.992976e-01
2.155379367719481e-04	9.992976e-01
2.165144992719481e-04	9.992976e-01
2.174910617719481e-04	9.992976e-01
2.184676242719481e-04	9.992976e-01
2.194441867719481e-04	9.992976e-01
2.204207492719481e-04	9.992976e-01
2.213973117719481e-04	9.992976e-01
2.223738742719481e-04	9.992976e-01
2.233504367719481e-04	9.992976e-01
2.243269992719481e-04	9.992976e-01
2.253035617719481e-04	9.992976e-01
2.262801242719481e-04	9.992976e-01
2.272566867719481e-04	9.992976e-01
2.282332492719481e-04	9.992976e-01
2.292098117719481e-04	9.992976e-01
3.000234374999999e-04	9.992976e-01
3.009999999999999e-04	9.992976e-01
3.010421915657714e-04	1.000759e+00
3.011265746973143e-04	1.002851e+00
3.012953409604001e-04	1.004669e+00
3.014423255496027e-04	1.005573e+00
3.015947781346214e-04	1.006878e+00
3.016950948299627e-04	1.007899e+00
3.017993666093174e-04	1.009306e+00
3.020000000000000e-04	1.012921e+00
3.020200633390682e-04	1.012181e+00
3.020601900172047e-04	1.009865e+00
3.021404433734777e-04	1.005550e+00
3.022635255779293e-04	1.003389e+00
3.024054536163201e-04	1.004393e+00
3.025349382675457e-04	1.004781e+00
3.027365424332360e-04	1.004280e+00
3.029499754910233e-04	1.004292e+00
3.033768416065979e-04	1.004396e+00
3.038812805425829e-04	1.004348e+00
3.046013377958587e-04	1.004382e+00
3.055779002958587e-04	1.004369e+00
3.065544627958587e-04	1.004374e+00
3.075310252958587e-04	1.004370e+00
3.085075877958587e-04	1.004374e+00
3.094841502958587e-04	1.004371e+00
3.104607127958587e-04	1.004373e+00
3.114372752958587e-04	1.004371e+00
3.124138377958587e-04	1.004372e+00
3.133904002958587e-04	1.004372e+00
3.143669627958587e-04	1.004372e+00
3.153435252958587e-04	1.004372e+00
3.163200877958587e-04	1.004372e+00
3.172966502958587e-04	1.004373e+00
3.182732127958587e-04	1.004372e+00
3.192497752958587e-04	1.004373e+00
3.202263377958587e-04	1.004372e+00
3.212029002958587e-04	1.004373e+00
3.221794627958587e-04	1.004372e+00
3.231560252958587e-04	1.004373e+00
3.241325877958587e-04	1.004372e+00
3.260857127958587e-04	1.004372e+00
3.270622752958587e-04	1.004372e+00
3.280388377958587e-04	1.004372e+00
3.290154002958587e-04	1.004372e+00
3.299919627958587e-04	1.004372e+00
3.309685252958587e-04	1.004372e+00
3.319450877958587e-04	1.004372e+00
3.329216502958587e-04	1.004372e+00
3.338982127958587e-04	1.004372e+00
3.348747752958587e-04	1.004372e+00
3.358513377958587e-04	1.004372e+00
3.368279002958587e-04	1.004372e+00
3.378044627958587e-04	1.004372e+00
3.387810252958587e-04	1.004372e+00
3.397575877958587e-04	1.004372e+00
3.417107127958587e-04	1.004372e+00
3.426872752958587e-04	1.004372e+00
3.436638377958587e-04	1.004372e+00
3.446404002958587e-04	1.004372e+00
3.456169627958587e-04	1.004372e+00
3.465935252958587e-04	1.004372e+00
3.475700877958587e-04	1.004372e+00
3.485466502958587e-04	1.004372e+00
3.495232127958587e-04	1.004372e+00
3.504997752958587e-04	1.004372e+00
3.514763377958587e-04	1.004372e+00
3.524529002958587e-04	1.004372e+00
3.534294627958587e-04	1.004372e+00
3.587308020815730e-04	1.004372e+00
3.640321413672873e-04	1.004372e+00
3.693334806530016e-04	1.004372e+00
3.746348199387159e-04	1.004372e+00
3.799361592244302e-04	1.004372e+00
3.852374985101445e-04	1.004372e+00
3.905388377958587e-04	1.004372e+00
3.990234375000000e-04	1.004372e+00
4.000000000000000e-04	1.004372e+00
4.000593781596883e-04	1.000549e+00
4.001781344790650e-04	9.959052e-01
4.003139961056516e-04	9.954958e-01
4.004236946898974e-04	9.964258e-01
4.005521053114977e-04	9.963754e-01
4.007174373525204e-04	9.960290e-01
4.008241870100123e-04	9.959151e-01
4.010000000000000e-04	9.954742e-01
4.010175812989988e-04	9.960952e-01
4.010527438969963e-04	9.973626e-01
4.011230690929913e-04	9.989836e-01
4.012073168037855e-04	9.994325e-01
4.013124705525538e-04	9.992959e-01
4.014358369457886e-04	9.992768e-01
4.016825697322580e-04	9.993036e-01
4.021174695793970e-04	9.992955e-01
4.028425652811198e-04	9.992982e-01
4.038191277811198e-04	9.992975e-01
4.047956902811198e-04	9.992977e-01
4.057722527811198e-04	9.992975e-01
4.067488152811198e-04	9.992976e-01
4.077253777811198e-04	9.992975e-01
4.087019402811198e-04	9.992976e-01
4.096785027811198e-04	9.992975e-01
4.106550652811198e-04	9.992976e-01
4.116316277811198e-04	9.992975e-01
4.126081902811198e-04	9.992975e-01
4.135847527811198e-04	9.992976e-01
4.145613152811198e-04	9.992976e-01
4.155378777811198e-04	9.992976e-01
4.165144402811198e-04	9.992976e-01
4.174910027811198e-04	9.992976e-01
4.184675652811198e-04	9.992976e-01
4.194441277811198e-04	9.992976e-01
4.204206902811198e-04	9.992976e-01
4.213972527811198e-04	9.992976e-01
4.223738152811198e-04	9.992976e-01
4.233503777811198e-04	9.992976e-01
4.243269402811198e-04	9.992976e-01
4.253035027811198e-04	9.992976e-01
4.262800652811198e-04	9.992976e-01
4.272566277811198e-04	9.992976e-01
4.282331902811198e-04	9.992976e-01
4.292097527811198e-04	9.992976e-01
5.000234374999999e-04	9.992976e-01
5.009999999999999e-04	9.992976e-01
5.010421915655519e-04	1.000759e+00
5.011265746966558e-04	1.002851e+00
5.012953409588636e-04	1.004669e+00
5.014423255460427e-04	1.005573e+00
5.015947781309269e-04	1.006878e+00
5.016950948302313e-04	1.007899e+00
5.017993666013913e-04	1.009306e+00
5.020000000000001e-04	1.012921e+00
5.020200633398610e-04	1.012181e+00
5.020601900195827e-04	1.009865e+00
5.021404433790261e-04	1.005550e+00
5.022635255854146e-04	1.003389e+00
5.024054536208111e-04	1.004393e+00
5.025349382746214e-04	1.004781e+00
5.027365424420769e-04	1.004280e+00
5.029499755015904e-04	1.004292e+00
5.033768416206173e-04	1.004396e+00
5.038812805977042e-04	1.004348e+00
5.046013378656074e-04	1.004382e+00
5.055779003656074e-04	1.004369e+00
5.065544628656074e-04	1.004374e+00
5.075310253656074e-04	1.004370e+00
5.085075878656074e-04	1.004374e+00
5.094841503656074e-04	1.004371e+00
5.104607128656074e-04	1.004373e+00
5.114372753656074e-04	1.004371e+00
5.124138378656074e-04	1.004372e+00
5.133904003656074e-04	1.004372e+00
5.143669628656074e-04	1.004372e+00
5.153435253656074e-04	1.004372e+00
5.163200878656074e-04	1.004372e+00
5.172966503656074e-04	1.004373e+00
5.182732128656074e-04	1.004372e+00
5.192497753656074e-04	1.004373e+00
5.202263378656074e-04	1.004372e+00
5.212029003656074e-04	1.004373e+00
5.221794628656074e-04	1.004372e+00
5.231560253656074e-04	1.004373e+00
5.241325878656074e-04	1.004372e+00
5.260857128656074e-04	1.004372e+00
5.270622753656074e-04	1.004372e+00
5.280388378656074e-04	1.004372e+00
5.290154003656074e-04	1.004372e+00
5.299919628656074e-04	1.004372e+00
5.309685253656074e-04	1.004372e+00
5.319450878656074e-04	1.004372e+00
5.329216503656074e-04	1.004372e+00
5.338982128656074e-04	1.004372e+00
5.348747753656074e-04	1.004372e+00
5.358513378656074e-04	1.004372e+00
5.368279003656074e-04	1.004372e+00
5.378044628656074e-04	1.004372e+00
5.387810253656074e-04	1.004372e+00
5.397575878656074e-04	1.004372e+00
5.417107128656074e-04	1.004372e+00
5.426872753656074e-04	1.004372e+00
5.436638378656074e-04	1.004372e+00
5.446404003656074e-04	1.004372e+00
5.456169628656074e-04	1.004372e+00
5.465935253656074e-04	1.004372e+00
5.475700878656074e-04	1.004372e+00
5.485466503656074e-04	1.004372e+00
5.495232128656074e-04	1.004372e+00
5.504997753656074e-04	1.004372e+00
5.514763378656074e-04	1.004372e+00
5.524529003656074e-04	1.004372e+00
5.534294628656074e-04	1.004372e+00
5.587308021513217e-04	1.004372e+00
5.640321414370360e-04	1.004372e+00
5.693334807227503e-04	1.004372e+00
5.746348200084646e-04	1.004372e+00
5.799361592941788e-04	1.004372e+00
5.852374985798931e-04	1.004372e+00
5.905388378656075e-04	1.004372e+00
5.990234374999999e-04	1.004372e+00
5.999999999999999e-04	1.004372e+00
6.000593781596911e-04	1.000549e+00
6.001781344790733e-04	9.959052e-01
6.003139961056526e-04	9.954958e-01
6.004236946898959e-04	9.964258e-01
6.005521053114933e-04	9.963754e-01
6.007174373525237e-04	9.960290e-01
6.008241870100101e-04	9.959151e-01
6.010000000000000e-04	9.954742e-01
6.010175812989990e-04	9.960952e-01
6.010527438969970e-04	9.973626e-01
6.011230690929929e-04	9.989836e-01
6.012073168037809e-04	9.994325e-01
6.013124705525499e-04	9.992959e-01
6.014358369457732e-04	9.992768e-01
6.016825697322196e-04	9.993036e-01
6.021174695791010e-04	9.992955e-01
6.028425652776386e-04	9.992982e-01
6.038191277776386e-04	9.992975e-01
6.047956902776386e-04	9.992977e-01
6.057722527776386e-04	9.992975e-01
6.067488152776386e-04	9.992976e-01
6.077253777776386e-04	9.992975e-01
6.087019402776386e-04	9.992976e-01
6.096785027776386e-04	9.992975e-01
6.106550652776386e-04	9.992976e-01
6.116316277776386e-04	9.992975e-01
6.126081902776386e-04	9.992975e-01
6.135847527776386e-04	9.992976e-01
6.145613152776386e-04	9.992976e-01
6.155378777776386e-04	9.992976e-01
6.165144402776386e-04	9.992976e-01
6.174910027776386e-04	9.992976e-01
6.184675652776386e-04	9.992976e-01
6.194441277776386e-04	9.992976e-01
6.204206902776387e-04	9.992976e-01
6.213972527776387e-04	9.992976e-01
6.223738152776387e-04	9.992976e-01
6.233503777776387e-04	9.992976e-01
6.243269402776387e-04	9.992976e-01
6.253035027776387e-04	9.992976e-01
6.262800652776387e-04	9.992976e-01
6.272566277776387e-04	9.992976e-01
6.282331902776387e-04	9.992976e-01
6.292097527776387e-04	9.992976e-01
7.000234375000000e-04	9.992976e-01
7.010000000000000e-04	9.992976e-01
7.010421915655535e-04	1.000759e+00
7.011265746966604e-04	1.002851e+00
7.012953409588742e-04	1.004669e+00
7.014423255460492e-04	1.005573e+00
7.015947781309292e-04	1.006878e+00
7.016950948302400e-04	1.007899e+00
7.017993666013783e-04	1.009306e+00
7.019999999999999e-04	1.012921e+00
7.020200633398621e-04	1.012181e+00
7.020601900195864e-04	1.009865e+00
7.021404433790351e-04	1.005550e+00
7.022635255854256e-04	1.003389e+00
7.024054536208242e-04	1.004393e+00
7.025349382746344e-04	1.004781e+00
7.027365424420896e-04	1.004280e+00
7.029499755015971e-04	1.004292e+00
7.033768416206119e-04	1.004396e+00
7.038812805977549e-04	1.004348e+00
7.046013378656840e-04	1.004382e+00
7.055779003656840e-04	1.004369e+00
7.065544628656840e-04	1.004374e+00
7.075310253656840e-04	1.004370e+00
7.085075878656840e-04	1.004374e+00
7.094841503656840e-04	1.004371e+00
7.104607128656840e-04	1.004373e+00
7.114372753656840e-04	1.004371e+00
7.124138378656840e-04	1.004372e+00
7.133904003656840e-04	1.004372e+00
7.143669628656840e-04	1.004372e+00
7.153435253656840e-04	1.004372e+00
7.163200878656840e-04	1.004372e+00
7.172966503656840e-04	1.004373e+00
7.182732128656840e-04	1.004372e+00
7.192497753656840e-04	1.004373e+00
7.202263378656840e-04	1.004372e+00
7.212029003656840e-04	1.004373e+00
7.221794628656840e-04	1.004372e+00
7.231560253656840e-04	1.004373e+00
7.241325878656840e-04	1.004372e+00
7.260857128656840e-04	1.004372e+00
7.270622753656840e-04	1.004372e+00
7.280388378656840e-04	1.004372e+00
7.290154003656840e-04	1.004372e+00
7.299919628656840e-04	1.004372e+00
7.309685253656840e-04	1.004372e+00
7.319450878656840e-04	1.004372e+00
7.329216503656840e-04	1.004372e+00
7.338982128656840e-04	1.004372e+00
7.348747753656840e-04	1.004372e+00
7.358513378656840e-04	1.004372e+00
7.368279003656840e-04	1.004372e+00
7.378044628656840e-04	1.004372e+00
7.387810253656840e-04	1.004372e+00
7.397575878656840e-04	1.004372e+00
7.417107128656840e-04	1.004372e+00
7.426872753656840e-04	1.004372e+00
7.436638378656840e-04	1.004372e+00
7.446404003656840e-04	1.004372e+00
7.456169628656840e-04	1.004372e+00
7.465935253656840e-04	1.004372e+00
7.475700878656840e-04	1.004372e+00
7.485466503656840e-04	1.004372e+00
7.495232128656840e-04	1.004372e+00
7.504997753656841e-04	1.004372e+00
7.514763378656841e-04	1.004372e+00
7.524529003656841e-04	1.004372e+00
7.534294628656841e-04	1.004372e+00
7.587308021513984e-04	1.004372e+00
7.640321414371127e-04	1.004372e+00
7.693334807228270e-04	1.004372e+00
7.746348200085413e-04	1.004372e+00
7.799361592942555e-04	1.004372e+00
7.852374985799698e-04	1.004372e+00
7.905388378656841e-04	1.004372e+00
7.990234374999999e-04	1.004372e+00
7.999999999999999e-04	1.004372e+00
8.000593781596900e-04	1.000549e+00
8.001781344790700e-04	9.959052e-01
8.003139961056446e-04	9.954958e-01
8.004236946898856e-04	9.964258e-01
8.005521053114786e-04	9.963754e-01
8.007174373525086e-04	9.960290e-01
8.008241870100170e-04	9.959151e-01
8.010000000000000e-04	9.954742e-01
8.010175812989983e-04	9.960952e-01
8.010527438969949e-04	9.973626e-01
8.011230690929881e-04	9.989836e-01
8.012073168037732e-04	9.994325e-01
8.013124705525411e-04	9.992959e-01
8.014358369457530e-04	9.992768e-01
8.016825697321767e-04	9.993036e-01
8.021174695789256e-04	9.992955e-01
8.028425652786445e-04	9.992982e-01
8.038191277786445e-04	9.992975e-01
8.047956902786445e-04	9.992977e-01
8.057722527786445e-04	9.992975e-01
8.067488152786445e-04	9.992976e-01
8.077253777786445e-04	9.992975e-01
8.087019402786445e-04	9.992976e-01
8.096785027786445e-04	9.992975e-01
8.106550652786445e-04	9.992976e-01
8.116316277786445e-04	9.992975e-01
8.126081902786445e-04	9.992975e-01
8.135847527786445e-04	9.992976e-01
8.145613152786446e-04	9.992976e-01
8.155378777786446e-04	9.992976e-01
8.165144402786446e-04	9.992976e-01
8.174910027786446e-04	9.992976e-01
8.184675652786446e-04	9.992976e-01
8.194441277786446e-04	9.992976e-01
8.204206902786446e-04	9.992976e-01
8.213972527786446e-04	9.992976e-01
8.223738152786446e-04	9.992976e-01
8.233503777786446e-04	9.992976e-01
8.243269402786446e-04	9.992976e-01
8.253035027786446e-04	9.992976e-01
8.262800652786446e-04	9.992976e-01
8.272566277786446e-04	9.992976e-01
8.282331902786446e-04	9.992976e-01
8.292097527786446e-04	9.992976e-01
8.487410027786446e-04	9.992976e-01
9.000234374999999e-04	9.992976e-01
9.009999999999999e-04	9.992976e-01
9.010421915655526e-04	1.000759e+00
9.011265746966580e-04	1.002851e+00
9.012953409588689e-04	1.004669e+00
9.014423255460397e-04	1.005573e+00
9.015947781309176e-04	1.006878e+00
9.016950948302442e-04	1.007899e+00
9.017993666013466e-04	1.009306e+00
9.020000000000000e-04	1.012921e+00
9.020200633398654e-04	1.012181e+00
9.020601900195961e-04	1.009865e+00
9.021404433790574e-04	1.005550e+00
9.022635255854747e-04	1.003389e+00
9.024054536208519e-04	1.004393e+00
9.025349382746949e-04	1.004781e+00
9.027365424421696e-04	1.004280e+00
9.029499755017109e-04	1.004292e+00
9.033768416207932e-04	1.004396e+00
9.038812805981931e-04	1.004348e+00
9.046013378665160e-04	1.004382e+00
9.055779003665160e-04	1.004369e+00
9.065544628665160e-04	1.004374e+00
9.075310253665160e-04	1.004370e+00
9.085075878665160e-04	1.004374e+00
9.094841503665160e-04	1.004371e+00
9.104607128665160e-04	1.004373e+00
9.114372753665160e-04	1.004371e+00
9.124138378665160e-04	1.004372e+00
9.133904003665160e-04	1.004372e+00
9.143669628665160e-04	1.004372e+00
9.153435253665160e-04	1.004372e+00
9.163200878665160e-04	1.004372e+00
9.172966503665160e-04	1.004373e+00
9.182732128665160e-04	1.004372e+00
9.192497753665160e-04	1.004373e+00
9.202263378665160e-04	1.004372e+00
9.212029003665160e-04	1.004373e+00
9.221794628665160e-04	1.004372e+00
9.231560253665160e-04	1.004373e+00
9.241325878665160e-04	1.004372e+00
9.260857128665160e-04	1.004372e+00
9.270622753665160e-04	1.004372e+00
9.280388378665160e-04	1.004372e+00
9.290154003665160e-04	1.004372e+00
9.299919628665160e-04	1.004372e+00
9.309685253665160e-04	1.004372e+00
9.319450878665160e-04	1.004372e+00
9.329216503665160e-04	1.004372e+00
9.338982128665160e-04	1.004372e+00
9.348747753665160e-04	1.004372e+00
9.358513378665160e-04	1.004372e+00
9.368279003665160e-04	1.004372e+00
9.378044628665160e-04	1.004372e+00
9.387810253665160e-04	1.004372e+00
9.397575878665160e-04	1.004372e+00
9.417107128665160e-04	1.004372e+00
9.426872753665160e-04	1.004372e+00
9.436638378665160e-04	1.004372e+00
9.446404003665160e-04	1.004372e+00
9.456169628665160e-04	1.004372e+00
9.465935253665160e-04	1.004372e+00
9.475700878665160e-04	1.004372e+00
9.485466503665160e-04	1.004372e+00
9.495232128665160e-04	1.004372e+00
9.504997753665161e-04	1.004372e+00
9.514763378665161e-04	1.004372e+00
9.524529003665161e-04	1.004372e+00
9.534294628665161e-04	1.004372e+00
9.587308021522301e-04	1.004372e+00
9.640321414379441e-04	1.004372e+00
9.693334807236582e-04	1.004372e+00
9.746348200093723e-04	1.004372e+00
9.799361592950863e-04	1.004372e+00
9.852374985808005e-04	1.004372e+00
9.905388378665145e-04	1.004372e+00
9.990234375000001e-04	1.004372e+00
1.000000000000000e-03	1.004372e+00
