v1	V(out)
0.000000000000000e+00	-7.848904e-01
1.000000000000000e-03	-7.848904e-01
2.000000000000000e-03	-7.848904e-01
3.000000000000000e-03	-7.848904e-01
4.000000000000000e-03	-7.848904e-01
5.000000000000000e-03	-7.848904e-01
6.000000000000000e-03	-7.848904e-01
7.000000000000000e-03	-7.848904e-01
8.000000000000000e-03	-7.848904e-01
9.000000000000001e-03	-7.848904e-01
1.000000000000000e-02	-7.848904e-01
1.100000000000000e-02	-7.848904e-01
1.200000000000000e-02	-7.848904e-01
1.300000000000000e-02	-7.848904e-01
1.400000000000001e-02	-7.848904e-01
1.500000000000001e-02	-7.848904e-01
1.600000000000001e-02	-7.848904e-01
1.700000000000001e-02	-7.848904e-01
1.800000000000001e-02	-7.848904e-01
1.900000000000001e-02	-7.848904e-01
2.000000000000001e-02	-7.848904e-01
2.100000000000001e-02	-7.848904e-01
2.200000000000001e-02	-7.848904e-01
2.300000000000001e-02	-7.848904e-01
2.400000000000001e-02	-7.848904e-01
2.500000000000002e-02	-7.848904e-01
2.600000000000002e-02	-7.848904e-01
2.700000000000002e-02	-7.848904e-01
2.800000000000002e-02	-7.848904e-01
2.900000000000002e-02	-7.848904e-01
3.000000000000002e-02	-7.848904e-01
3.100000000000002e-02	-7.848904e-01
3.200000000000002e-02	-7.848904e-01
3.300000000000002e-02	-7.848904e-01
3.400000000000002e-02	-7.848904e-01
3.500000000000002e-02	-7.848904e-01
3.600000000000003e-02	-7.848904e-01
3.700000000000003e-02	-7.848903e-01
3.800000000000003e-02	-7.848903e-01
3.900000000000003e-02	-7.848903e-01
4.000000000000003e-02	-7.848903e-01
4.100000000000003e-02	-7.848903e-01
4.200000000000003e-02	-7.848903e-01
4.300000000000003e-02	-7.848903e-01
4.400000000000003e-02	-7.848903e-01
4.500000000000003e-02	-7.848903e-01
4.600000000000003e-02	-7.848903e-01
4.700000000000003e-02	-7.848903e-01
4.800000000000004e-02	-7.848903e-01
4.900000000000004e-02	-7.848903e-01
5.000000000000004e-02	-7.848903e-01
5.100000000000004e-02	-7.848903e-01
5.200000000000004e-02	-7.848902e-01
5.300000000000004e-02	-7.848902e-01
5.400000000000004e-02	-7.848902e-01
5.500000000000004e-02	-7.848902e-01
5.600000000000004e-02	-7.848902e-01
5.700000000000004e-02	-7.848902e-01
5.800000000000004e-02	-7.848902e-01
5.900000000000005e-02	-7.848902e-01
6.000000000000005e-02	-7.848902e-01
6.100000000000005e-02	-7.848902e-01
6.200000000000005e-02	-7.848902e-01
6.300000000000004e-02	-7.848902e-01
6.400000000000004e-02	-7.848902e-01
6.500000000000004e-02	-7.848902e-01
6.600000000000004e-02	-7.848902e-01
6.700000000000005e-02	-7.848902e-01
6.800000000000005e-02	-7.848902e-01
6.900000000000005e-02	-7.848902e-01
7.000000000000005e-02	-7.848902e-01
7.100000000000005e-02	-7.848901e-01
7.200000000000005e-02	-7.848901e-01
7.300000000000005e-02	-7.848901e-01
7.400000000000005e-02	-7.848901e-01
7.500000000000005e-02	-7.848901e-01
7.600000000000005e-02	-7.848901e-01
7.700000000000005e-02	-7.848901e-01
7.800000000000006e-02	-7.848901e-01
7.900000000000006e-02	-7.848901e-01
8.000000000000006e-02	-7.848901e-01
8.100000000000006e-02	-7.848901e-01
8.200000000000006e-02	-7.848901e-01
8.300000000000006e-02	-7.848900e-01
8.400000000000006e-02	-7.848900e-01
8.500000000000006e-02	-7.848900e-01
8.600000000000006e-02	-7.848900e-01
8.700000000000006e-02	-7.848900e-01
8.800000000000006e-02	-7.848899e-01
8.900000000000007e-02	-7.848899e-01
9.000000000000007e-02	-7.848899e-01
9.100000000000007e-02	-7.848899e-01
9.200000000000007e-02	-7.848899e-01
9.300000000000007e-02	-7.848899e-01
9.400000000000007e-02	-7.848899e-01
9.500000000000007e-02	-7.848899e-01
9.600000000000007e-02	-7.848898e-01
9.700000000000007e-02	-7.848898e-01
9.800000000000007e-02	-7.848898e-01
9.900000000000007e-02	-7.848898e-01
1.000000000000001e-01	-7.848898e-01
1.010000000000001e-01	-7.848898e-01
1.020000000000001e-01	-7.848897e-01
1.030000000000001e-01	-7.848897e-01
1.040000000000001e-01	-7.848897e-01
1.050000000000001e-01	-7.848896e-01
1.060000000000001e-01	-7.848896e-01
1.070000000000001e-01	-7.848896e-01
1.080000000000001e-01	-7.848896e-01
1.090000000000001e-01	-7.848896e-01
1.100000000000001e-01	-7.848895e-01
1.110000000000001e-01	-7.848895e-01
1.120000000000001e-01	-7.848895e-01
1.130000000000001e-01	-7.848895e-01
1.140000000000001e-01	-7.848895e-01
1.150000000000001e-01	-7.848894e-01
1.160000000000001e-01	-7.848894e-01
1.170000000000001e-01	-7.848893e-01
1.180000000000001e-01	-7.848893e-01
1.190000000000001e-01	-7.848893e-01
1.200000000000001e-01	-7.848893e-01
1.210000000000001e-01	-7.848892e-01
1.220000000000001e-01	-7.848892e-01
1.230000000000001e-01	-7.848892e-01
1.240000000000001e-01	-7.848891e-01
1.250000000000001e-01	-7.848891e-01
1.260000000000001e-01	-7.848890e-01
1.270000000000001e-01	-7.848890e-01
1.280000000000001e-01	-7.848890e-01
1.290000000000001e-01	-7.848889e-01
1.300000000000001e-01	-7.848889e-01
1.310000000000001e-01	-7.848888e-01
1.320000000000001e-01	-7.848888e-01
1.330000000000001e-01	-7.848887e-01
1.340000000000001e-01	-7.848887e-01
1.350000000000001e-01	-7.848886e-01
1.360000000000001e-01	-7.848886e-01
1.370000000000001e-01	-7.848885e-01
1.380000000000001e-01	-7.848884e-01
1.390000000000001e-01	-7.848884e-01
1.400000000000001e-01	-7.848883e-01
1.410000000000001e-01	-7.848883e-01
1.420000000000001e-01	-7.848882e-01
1.430000000000001e-01	-7.848881e-01
1.440000000000001e-01	-7.848881e-01
1.450000000000001e-01	-7.848880e-01
1.460000000000001e-01	-7.848880e-01
1.470000000000001e-01	-7.848879e-01
1.480000000000001e-01	-7.848879e-01
1.490000000000001e-01	-7.848877e-01
1.500000000000001e-01	-7.848877e-01
1.510000000000001e-01	-7.848876e-01
1.520000000000001e-01	-7.848875e-01
1.530000000000001e-01	-7.848874e-01
1.540000000000001e-01	-7.848874e-01
1.550000000000001e-01	-7.848873e-01
1.560000000000001e-01	-7.848872e-01
1.570000000000001e-01	-7.848871e-01
1.580000000000001e-01	-7.848870e-01
1.590000000000001e-01	-7.848869e-01
1.600000000000001e-01	-7.848868e-01
1.610000000000001e-01	-7.848867e-01
1.620000000000001e-01	-7.848865e-01
1.630000000000001e-01	-7.848865e-01
1.640000000000001e-01	-7.848864e-01
1.650000000000001e-01	-7.848862e-01
1.660000000000001e-01	-7.848861e-01
1.670000000000001e-01	-7.848860e-01
1.680000000000001e-01	-7.848859e-01
1.690000000000001e-01	-7.848857e-01
1.700000000000001e-01	-7.848856e-01
1.710000000000001e-01	-7.848855e-01
1.720000000000001e-01	-7.848853e-01
1.730000000000001e-01	-7.848852e-01
1.740000000000001e-01	-7.848850e-01
1.750000000000001e-01	-7.848849e-01
1.760000000000001e-01	-7.848847e-01
1.770000000000001e-01	-7.848845e-01
1.780000000000001e-01	-7.848844e-01
1.790000000000001e-01	-7.848842e-01
1.800000000000001e-01	-7.848840e-01
1.810000000000001e-01	-7.848839e-01
1.820000000000001e-01	-7.848836e-01
1.830000000000001e-01	-7.848834e-01
1.840000000000001e-01	-7.848833e-01
1.850000000000001e-01	-7.848830e-01
1.860000000000001e-01	-7.848828e-01
1.870000000000001e-01	-7.848826e-01
1.880000000000001e-01	-7.848824e-01
1.890000000000001e-01	-7.848822e-01
1.900000000000001e-01	-7.848819e-01
1.910000000000001e-01	-7.848817e-01
1.920000000000001e-01	-7.848815e-01
1.930000000000001e-01	-7.848812e-01
1.940000000000001e-01	-7.848809e-01
1.950000000000001e-01	-7.848806e-01
1.960000000000001e-01	-7.848804e-01
1.970000000000001e-01	-7.848801e-01
1.980000000000001e-01	-7.848798e-01
1.990000000000001e-01	-7.848795e-01
2.000000000000001e-01	-7.848792e-01
2.010000000000002e-01	-7.848789e-01
2.020000000000002e-01	-7.848786e-01
2.030000000000002e-01	-7.848782e-01
2.040000000000002e-01	-7.848779e-01
2.050000000000002e-01	-7.848775e-01
2.060000000000002e-01	-7.848771e-01
2.070000000000002e-01	-7.848768e-01
2.080000000000002e-01	-7.848764e-01
2.090000000000002e-01	-7.848760e-01
2.100000000000002e-01	-7.848756e-01
2.110000000000002e-01	-7.848752e-01
2.120000000000002e-01	-7.848747e-01
2.130000000000002e-01	-7.848743e-01
2.140000000000002e-01	-7.848738e-01
2.150000000000002e-01	-7.848734e-01
2.160000000000002e-01	-7.848729e-01
2.170000000000002e-01	-7.848724e-01
2.180000000000002e-01	-7.848719e-01
2.190000000000002e-01	-7.848713e-01
2.200000000000002e-01	-7.848708e-01
2.210000000000002e-01	-7.848703e-01
2.220000000000002e-01	-7.848697e-01
2.230000000000002e-01	-7.848691e-01
2.240000000000002e-01	-7.848685e-01
2.250000000000002e-01	-7.848679e-01
2.260000000000002e-01	-7.848673e-01
2.270000000000002e-01	-7.848666e-01
2.280000000000002e-01	-7.848660e-01
2.290000000000002e-01	-7.848653e-01
2.300000000000002e-01	-7.848645e-01
2.310000000000002e-01	-7.848638e-01
2.320000000000002e-01	-7.848631e-01
2.330000000000002e-01	-7.848623e-01
2.340000000000002e-01	-7.848616e-01
2.350000000000002e-01	-7.848607e-01
2.360000000000002e-01	-7.848599e-01
2.370000000000002e-01	-7.848591e-01
2.380000000000002e-01	-7.848582e-01
2.390000000000002e-01	-7.848573e-01
2.400000000000002e-01	-7.848564e-01
2.410000000000002e-01	-7.848554e-01
2.420000000000002e-01	-7.848544e-01
2.430000000000002e-01	-7.848535e-01
2.440000000000002e-01	-7.848524e-01
2.450000000000002e-01	-7.848514e-01
2.460000000000002e-01	-7.848502e-01
2.470000000000002e-01	-7.848492e-01
2.480000000000002e-01	-7.848480e-01
2.490000000000002e-01	-7.848468e-01
2.500000000000002e-01	-7.848456e-01
2.510000000000002e-01	-7.848443e-01
2.520000000000002e-01	-7.848431e-01
2.530000000000002e-01	-7.848418e-01
2.540000000000002e-01	-7.848404e-01
2.550000000000002e-01	-7.848390e-01
2.560000000000002e-01	-7.848376e-01
2.570000000000002e-01	-7.848362e-01
2.580000000000002e-01	-7.848347e-01
2.590000000000002e-01	-7.848331e-01
2.600000000000002e-01	-7.848315e-01
2.610000000000002e-01	-7.848299e-01
2.620000000000002e-01	-7.848282e-01
2.630000000000002e-01	-7.848265e-01
2.640000000000002e-01	-7.848248e-01
2.650000000000002e-01	-7.848229e-01
2.660000000000002e-01	-7.848211e-01
2.670000000000002e-01	-7.848192e-01
2.680000000000002e-01	-7.848172e-01
2.690000000000002e-01	-7.848153e-01
2.700000000000002e-01	-7.848132e-01
2.710000000000002e-01	-7.848111e-01
2.720000000000002e-01	-7.848089e-01
2.730000000000002e-01	-7.848067e-01
2.740000000000002e-01	-7.848043e-01
2.750000000000002e-01	-7.848020e-01
2.760000000000002e-01	-7.847996e-01
2.770000000000002e-01	-7.847971e-01
2.780000000000002e-01	-7.847946e-01
2.790000000000002e-01	-7.847919e-01
2.800000000000002e-01	-7.847893e-01
2.810000000000002e-01	-7.847865e-01
2.820000000000002e-01	-7.847837e-01
2.830000000000002e-01	-7.847808e-01
2.840000000000002e-01	-7.847778e-01
2.850000000000002e-01	-7.847748e-01
2.860000000000002e-01	-7.847716e-01
2.870000000000002e-01	-7.847684e-01
2.880000000000002e-01	-7.847651e-01
2.890000000000002e-01	-7.847617e-01
2.900000000000002e-01	-7.847582e-01
2.910000000000002e-01	-7.847546e-01
2.920000000000002e-01	-7.847510e-01
2.930000000000002e-01	-7.847472e-01
2.940000000000002e-01	-7.847434e-01
2.950000000000002e-01	-7.847394e-01
2.960000000000002e-01	-7.847353e-01
2.970000000000002e-01	-7.847311e-01
2.980000000000002e-01	-7.847269e-01
2.990000000000002e-01	-7.847225e-01
3.000000000000002e-01	-7.847180e-01
3.010000000000002e-01	-7.847134e-01
3.020000000000002e-01	-7.847086e-01
3.030000000000002e-01	-7.847038e-01
3.040000000000002e-01	-7.846988e-01
3.050000000000002e-01	-7.846937e-01
3.060000000000002e-01	-7.846884e-01
3.070000000000002e-01	-7.846830e-01
3.080000000000002e-01	-7.846775e-01
3.090000000000002e-01	-7.846718e-01
3.100000000000002e-01	-7.846660e-01
3.110000000000002e-01	-7.846600e-01
3.120000000000002e-01	-7.846539e-01
3.130000000000002e-01	-7.846476e-01
3.140000000000002e-01	-7.846412e-01
3.150000000000002e-01	-7.846346e-01
3.160000000000002e-01	-7.846279e-01
3.170000000000002e-01	-7.846209e-01
3.180000000000002e-01	-7.846138e-01
3.190000000000002e-01	-7.846065e-01
3.200000000000002e-01	-7.845990e-01
3.210000000000002e-01	-7.845913e-01
3.220000000000002e-01	-7.845834e-01
3.230000000000002e-01	-7.845754e-01
3.240000000000002e-01	-7.845671e-01
3.250000000000002e-01	-7.845587e-01
3.260000000000002e-01	-7.845500e-01
3.270000000000002e-01	-7.845410e-01
3.280000000000002e-01	-7.845319e-01
3.290000000000002e-01	-7.845225e-01
3.300000000000002e-01	-7.845129e-01
3.310000000000002e-01	-7.845030e-01
3.320000000000002e-01	-7.844930e-01
3.330000000000002e-01	-7.844826e-01
3.340000000000002e-01	-7.844720e-01
3.350000000000002e-01	-7.844611e-01
3.360000000000002e-01	-7.844499e-01
3.370000000000002e-01	-7.844386e-01
3.380000000000002e-01	-7.844268e-01
3.390000000000002e-01	-7.844148e-01
3.400000000000002e-01	-7.844025e-01
3.410000000000002e-01	-7.843899e-01
3.420000000000002e-01	-7.843770e-01
3.430000000000002e-01	-7.843637e-01
3.440000000000003e-01	-7.843502e-01
3.450000000000003e-01	-7.843363e-01
3.460000000000003e-01	-7.843220e-01
3.470000000000003e-01	-7.843075e-01
3.480000000000003e-01	-7.842925e-01
3.490000000000003e-01	-7.842771e-01
3.500000000000003e-01	-7.842615e-01
3.510000000000003e-01	-7.842454e-01
3.520000000000003e-01	-7.842289e-01
3.530000000000003e-01	-7.842120e-01
3.540000000000003e-01	-7.841947e-01
3.550000000000003e-01	-7.841770e-01
3.560000000000003e-01	-7.841588e-01
3.570000000000003e-01	-7.841402e-01
3.580000000000003e-01	-7.841212e-01
3.590000000000003e-01	-7.841017e-01
3.600000000000003e-01	-7.840817e-01
3.610000000000003e-01	-7.840612e-01
3.620000000000003e-01	-7.840402e-01
3.630000000000003e-01	-7.840188e-01
3.640000000000003e-01	-7.839968e-01
3.650000000000003e-01	-7.839742e-01
3.660000000000003e-01	-7.839512e-01
3.670000000000003e-01	-7.839275e-01
3.680000000000003e-01	-7.839033e-01
3.690000000000003e-01	-7.838786e-01
3.700000000000003e-01	-7.838532e-01
3.710000000000003e-01	-7.838272e-01
3.720000000000003e-01	-7.838005e-01
3.730000000000003e-01	-7.837733e-01
3.740000000000003e-01	-7.837454e-01
3.750000000000003e-01	-7.837169e-01
3.760000000000003e-01	-7.836876e-01
3.770000000000003e-01	-7.836577e-01
3.780000000000003e-01	-7.836270e-01
3.790000000000003e-01	-7.835956e-01
3.800000000000003e-01	-7.835635e-01
3.810000000000003e-01	-7.835307e-01
3.820000000000003e-01	-7.834970e-01
3.830000000000003e-01	-7.834625e-01
3.840000000000003e-01	-7.834272e-01
3.850000000000003e-01	-7.833911e-01
3.860000000000003e-01	-7.833542e-01
3.870000000000003e-01	-7.833163e-01
3.880000000000003e-01	-7.832776e-01
3.890000000000003e-01	-7.832380e-01
3.900000000000003e-01	-7.831975e-01
3.910000000000003e-01	-7.831559e-01
3.920000000000003e-01	-7.831135e-01
3.930000000000003e-01	-7.830700e-01
3.940000000000003e-01	-7.830256e-01
3.950000000000003e-01	-7.829800e-01
3.960000000000003e-01	-7.829335e-01
3.970000000000003e-01	-7.828858e-01
3.980000000000003e-01	-7.828371e-01
3.990000000000003e-01	-7.827872e-01
4.000000000000003e-01	-7.827362e-01
4.010000000000003e-01	-7.826840e-01
4.020000000000003e-01	-7.826306e-01
4.030000000000003e-01	-7.825760e-01
4.040000000000003e-01	-7.825201e-01
4.050000000000003e-01	-7.824629e-01
4.060000000000003e-01	-7.824044e-01
4.070000000000003e-01	-7.823446e-01
4.080000000000003e-01	-7.822834e-01
4.090000000000003e-01	-7.822209e-01
4.100000000000003e-01	-7.821569e-01
4.110000000000003e-01	-7.820915e-01
4.120000000000003e-01	-7.820246e-01
4.130000000000003e-01	-7.819561e-01
4.140000000000003e-01	-7.818862e-01
4.150000000000003e-01	-7.818146e-01
4.160000000000003e-01	-7.817415e-01
4.170000000000003e-01	-7.816667e-01
4.180000000000003e-01	-7.815902e-01
4.190000000000003e-01	-7.815121e-01
4.200000000000003e-01	-7.814322e-01
4.210000000000003e-01	-7.813505e-01
4.220000000000003e-01	-7.812670e-01
4.230000000000003e-01	-7.811816e-01
4.240000000000003e-01	-7.810944e-01
4.250000000000003e-01	-7.810053e-01
4.260000000000003e-01	-7.809141e-01
4.270000000000003e-01	-7.808210e-01
4.280000000000003e-01	-7.807259e-01
4.290000000000003e-01	-7.806286e-01
4.300000000000003e-01	-7.805293e-01
4.310000000000003e-01	-7.804278e-01
4.320000000000003e-01	-7.803241e-01
4.330000000000003e-01	-7.802181e-01
4.340000000000003e-01	-7.801099e-01
4.350000000000003e-01	-7.799993e-01
4.360000000000003e-01	-7.798864e-01
4.370000000000003e-01	-7.797710e-01
4.380000000000003e-01	-7.796532e-01
4.390000000000003e-01	-7.795328e-01
4.400000000000003e-01	-7.794100e-01
4.410000000000003e-01	-7.792845e-01
4.420000000000003e-01	-7.791563e-01
4.430000000000003e-01	-7.790256e-01
4.440000000000003e-01	-7.788919e-01
4.450000000000003e-01	-7.787556e-01
4.460000000000003e-01	-7.786164e-01
4.470000000000003e-01	-7.784743e-01
4.480000000000003e-01	-7.783292e-01
4.490000000000003e-01	-7.781811e-01
4.500000000000003e-01	-7.780300e-01
4.510000000000003e-01	-7.778758e-01
4.520000000000003e-01	-7.777185e-01
4.530000000000003e-01	-7.775579e-01
4.540000000000003e-01	-7.773941e-01
4.550000000000003e-01	-7.772269e-01
4.560000000000003e-01	-7.770564e-01
4.570000000000004e-01	-7.768825e-01
4.580000000000004e-01	-7.767050e-01
4.590000000000004e-01	-7.765241e-01
4.600000000000004e-01	-7.763395e-01
4.610000000000004e-01	-7.761512e-01
4.620000000000004e-01	-7.759593e-01
4.630000000000004e-01	-7.757636e-01
4.640000000000004e-01	-7.755640e-01
4.650000000000004e-01	-7.753605e-01
4.660000000000004e-01	-7.751531e-01
4.670000000000004e-01	-7.749417e-01
4.680000000000004e-01	-7.747262e-01
4.690000000000004e-01	-7.745065e-01
4.700000000000004e-01	-7.742827e-01
4.710000000000004e-01	-7.740545e-01
4.720000000000004e-01	-7.738221e-01
4.730000000000004e-01	-7.735853e-01
4.740000000000004e-01	-7.733440e-01
4.750000000000004e-01	-7.730982e-01
4.760000000000004e-01	-7.728477e-01
4.770000000000004e-01	-7.725927e-01
4.780000000000004e-01	-7.723329e-01
4.790000000000004e-01	-7.720683e-01
4.800000000000004e-01	-7.717989e-01
4.810000000000004e-01	-7.715246e-01
4.820000000000004e-01	-7.712453e-01
4.830000000000004e-01	-7.709609e-01
4.840000000000004e-01	-7.706714e-01
4.850000000000004e-01	-7.703768e-01
4.860000000000004e-01	-7.700769e-01
4.870000000000004e-01	-7.697716e-01
4.880000000000004e-01	-7.694609e-01
4.890000000000004e-01	-7.691448e-01
4.900000000000004e-01	-7.688231e-01
4.910000000000004e-01	-7.684959e-01
4.920000000000004e-01	-7.681629e-01
4.930000000000004e-01	-7.678242e-01
4.940000000000004e-01	-7.674797e-01
4.950000000000004e-01	-7.671293e-01
4.960000000000004e-01	-7.667729e-01
4.970000000000004e-01	-7.664105e-01
4.980000000000004e-01	-7.660419e-01
4.990000000000004e-01	-7.656672e-01
5.000000000000003e-01	-7.652862e-01
5.010000000000003e-01	-7.648989e-01
5.020000000000003e-01	-7.645051e-01
5.030000000000003e-01	-7.641050e-01
5.040000000000003e-01	-7.636982e-01
5.050000000000003e-01	-7.632847e-01
5.060000000000003e-01	-7.628646e-01
5.070000000000003e-01	-7.624376e-01
5.080000000000003e-01	-7.620038e-01
5.090000000000003e-01	-7.615631e-01
5.100000000000003e-01	-7.611153e-01
5.110000000000003e-01	-7.606604e-01
5.120000000000003e-01	-7.601983e-01
5.130000000000003e-01	-7.597290e-01
5.140000000000003e-01	-7.592523e-01
5.150000000000003e-01	-7.587681e-01
5.160000000000003e-01	-7.582764e-01
5.170000000000003e-01	-7.577772e-01
5.180000000000003e-01	-7.572702e-01
5.190000000000003e-01	-7.567555e-01
5.200000000000004e-01	-7.562329e-01
5.210000000000004e-01	-7.557023e-01
5.220000000000004e-01	-7.551637e-01
5.230000000000004e-01	-7.546170e-01
5.240000000000004e-01	-7.540621e-01
5.250000000000004e-01	-7.534988e-01
5.260000000000004e-01	-7.529271e-01
5.270000000000004e-01	-7.523469e-01
5.280000000000004e-01	-7.517581e-01
5.290000000000004e-01	-7.511606e-01
5.300000000000004e-01	-7.505543e-01
5.310000000000004e-01	-7.499391e-01
5.320000000000004e-01	-7.493148e-01
5.330000000000004e-01	-7.486815e-01
5.340000000000004e-01	-7.480389e-01
5.350000000000004e-01	-7.473869e-01
5.360000000000004e-01	-7.467255e-01
5.370000000000004e-01	-7.460545e-01
5.380000000000004e-01	-7.453738e-01
5.390000000000004e-01	-7.446832e-01
5.400000000000004e-01	-7.439827e-01
5.410000000000004e-01	-7.432721e-01
5.420000000000004e-01	-7.425513e-01
5.430000000000004e-01	-7.418201e-01
5.440000000000004e-01	-7.410784e-01
5.450000000000004e-01	-7.403260e-01
5.460000000000004e-01	-7.395628e-01
5.470000000000004e-01	-7.387887e-01
5.480000000000004e-01	-7.380034e-01
5.490000000000004e-01	-7.372067e-01
5.500000000000004e-01	-7.363986e-01
5.510000000000004e-01	-7.355788e-01
5.520000000000004e-01	-7.347471e-01
5.530000000000004e-01	-7.339033e-01
5.540000000000004e-01	-7.330473e-01
5.550000000000004e-01	-7.321787e-01
5.560000000000004e-01	-7.312974e-01
5.570000000000004e-01	-7.304032e-01
5.580000000000004e-01	-7.294957e-01
5.590000000000004e-01	-7.285747e-01
5.600000000000004e-01	-7.276399e-01
5.610000000000004e-01	-7.266911e-01
5.620000000000004e-01	-7.257279e-01
5.630000000000004e-01	-7.247500e-01
5.640000000000004e-01	-7.237571e-01
5.650000000000004e-01	-7.227488e-01
5.660000000000004e-01	-7.217247e-01
5.670000000000004e-01	-7.206845e-01
5.680000000000004e-01	-7.196276e-01
5.690000000000004e-01	-7.185537e-01
5.700000000000004e-01	-7.174622e-01
5.710000000000004e-01	-7.163526e-01
5.720000000000004e-01	-7.152245e-01
5.730000000000004e-01	-7.140772e-01
5.740000000000004e-01	-7.129101e-01
5.750000000000004e-01	-7.117224e-01
5.760000000000004e-01	-7.105136e-01
5.770000000000004e-01	-7.092828e-01
5.780000000000004e-01	-7.080292e-01
5.790000000000004e-01	-7.067519e-01
5.800000000000004e-01	-7.054499e-01
5.810000000000004e-01	-7.041221e-01
5.820000000000004e-01	-7.027676e-01
5.830000000000004e-01	-7.013849e-01
5.840000000000004e-01	-6.999728e-01
5.850000000000004e-01	-6.985298e-01
5.860000000000004e-01	-6.970543e-01
5.870000000000004e-01	-6.955445e-01
5.880000000000004e-01	-6.939985e-01
5.890000000000004e-01	-6.924141e-01
5.900000000000004e-01	-6.907890e-01
5.910000000000004e-01	-6.891207e-01
5.920000000000004e-01	-6.874060e-01
5.930000000000004e-01	-6.856418e-01
5.940000000000004e-01	-6.838245e-01
5.950000000000004e-01	-6.819499e-01
5.960000000000004e-01	-6.800132e-01
5.970000000000004e-01	-6.780095e-01
5.980000000000004e-01	-6.759323e-01
5.990000000000004e-01	-6.737750e-01
6.000000000000004e-01	-6.715295e-01
6.010000000000004e-01	-6.691864e-01
6.020000000000004e-01	-6.667351e-01
6.030000000000004e-01	-6.641628e-01
6.040000000000004e-01	-6.614543e-01
6.050000000000004e-01	-6.585916e-01
6.060000000000004e-01	-6.555533e-01
6.070000000000004e-01	-6.523129e-01
6.080000000000004e-01	-6.488383e-01
6.090000000000004e-01	-6.450899e-01
6.100000000000004e-01	-6.410183e-01
6.110000000000004e-01	-6.365615e-01
6.120000000000004e-01	-6.316416e-01
6.130000000000004e-01	-6.261603e-01
6.140000000000004e-01	-6.199950e-01
6.150000000000004e-01	-6.129962e-01
6.160000000000004e-01	-6.049899e-01
6.170000000000004e-01	-5.957932e-01
6.180000000000004e-01	-5.852464e-01
6.190000000000004e-01	-5.732625e-01
6.200000000000004e-01	-5.598651e-01
6.210000000000004e-01	-5.451831e-01
6.220000000000004e-01	-5.293965e-01
6.230000000000004e-01	-5.126728e-01
6.240000000000004e-01	-4.951324e-01
6.250000000000004e-01	-4.768425e-01
6.260000000000004e-01	-4.578276e-01
6.270000000000004e-01	-4.380830e-01
6.280000000000004e-01	-4.175856e-01
6.290000000000004e-01	-3.963020e-01
6.300000000000004e-01	-3.741936e-01
6.310000000000004e-01	-3.512207e-01
6.320000000000005e-01	-3.273441e-01
6.330000000000005e-01	-3.025278e-01
6.340000000000005e-01	-2.767389e-01
6.350000000000005e-01	-2.499474e-01
6.360000000000005e-01	-2.221238e-01
6.370000000000005e-01	-1.932343e-01
6.380000000000005e-01	-1.632316e-01
6.390000000000005e-01	-1.320409e-01
6.400000000000005e-01	-9.953842e-02
6.410000000000005e-01	-6.552071e-02
6.420000000000005e-01	-2.966527e-02
6.430000000000005e-01	8.488452e-03
6.440000000000005e-01	4.893991e-02
6.450000000000005e-01	9.155289e-02
6.460000000000005e-01	1.358607e-01
6.470000000000005e-01	1.800655e-01
6.480000000000005e-01	2.216295e-01
6.490000000000005e-01	2.585006e-01
6.500000000000005e-01	2.892767e-01
6.510000000000005e-01	3.142013e-01
6.520000000000005e-01	3.342121e-01
6.530000000000005e-01	3.505839e-01
6.540000000000005e-01	3.640698e-01
6.550000000000005e-01	3.755071e-01
6.560000000000005e-01	3.854112e-01
6.570000000000005e-01	3.941261e-01
6.580000000000005e-01	4.019020e-01
6.590000000000005e-01	4.089229e-01
6.600000000000005e-01	4.153264e-01
6.610000000000005e-01	4.212176e-01
6.620000000000005e-01	4.266779e-01
6.630000000000005e-01	4.317714e-01
6.640000000000005e-01	4.365495e-01
6.650000000000005e-01	4.410539e-01
6.660000000000005e-01	4.453187e-01
6.670000000000005e-01	4.493722e-01
6.680000000000005e-01	4.532382e-01
6.690000000000005e-01	4.569368e-01
6.700000000000005e-01	4.604850e-01
6.710000000000005e-01	4.638976e-01
6.720000000000005e-01	4.671872e-01
6.730000000000005e-01	4.703649e-01
6.740000000000005e-01	4.734403e-01
6.750000000000005e-01	4.764219e-01
6.760000000000005e-01	4.793174e-01
6.770000000000005e-01	4.821332e-01
6.780000000000005e-01	4.848755e-01
6.790000000000005e-01	4.875496e-01
6.800000000000005e-01	4.901602e-01
6.810000000000005e-01	4.927116e-01
6.820000000000005e-01	4.952079e-01
6.830000000000005e-01	4.976525e-01
6.840000000000005e-01	5.000487e-01
6.850000000000005e-01	5.023995e-01
6.860000000000005e-01	5.047075e-01
6.870000000000005e-01	5.069753e-01
6.880000000000005e-01	5.092051e-01
6.890000000000005e-01	5.113991e-01
6.900000000000005e-01	5.135591e-01
6.910000000000005e-01	5.156870e-01
6.920000000000005e-01	5.177846e-01
6.930000000000005e-01	5.198532e-01
6.940000000000005e-01	5.218943e-01
6.950000000000005e-01	5.239094e-01
6.960000000000005e-01	5.258996e-01
6.970000000000005e-01	5.278661e-01
6.980000000000005e-01	5.298100e-01
6.990000000000005e-01	5.317324e-01
7.000000000000005e-01	5.336341e-01
7.010000000000005e-01	5.355161e-01
7.020000000000005e-01	5.373793e-01
7.030000000000005e-01	5.392244e-01
7.040000000000005e-01	5.410523e-01
7.050000000000005e-01	5.428635e-01
7.060000000000005e-01	5.446587e-01
7.070000000000005e-01	5.464387e-01
7.080000000000005e-01	5.482039e-01
7.090000000000005e-01	5.499550e-01
7.100000000000005e-01	5.516924e-01
7.110000000000005e-01	5.534167e-01
7.120000000000005e-01	5.551283e-01
7.130000000000005e-01	5.568277e-01
7.140000000000005e-01	5.585153e-01
7.150000000000005e-01	5.601915e-01
7.160000000000005e-01	5.618567e-01
7.170000000000005e-01	5.635113e-01
7.180000000000005e-01	5.651556e-01
7.190000000000005e-01	5.667899e-01
7.200000000000005e-01	5.684144e-01
7.210000000000005e-01	5.700297e-01
7.220000000000005e-01	5.716358e-01
7.230000000000005e-01	5.732330e-01
7.240000000000005e-01	5.748217e-01
7.250000000000005e-01	5.764020e-01
7.260000000000005e-01	5.779742e-01
7.270000000000005e-01	5.795385e-01
7.280000000000005e-01	5.810951e-01
7.290000000000005e-01	5.826442e-01
7.300000000000005e-01	5.841858e-01
7.310000000000005e-01	5.857204e-01
7.320000000000005e-01	5.872480e-01
7.330000000000005e-01	5.887688e-01
7.340000000000005e-01	5.902829e-01
7.350000000000005e-01	5.917904e-01
7.360000000000005e-01	5.932916e-01
7.370000000000005e-01	5.947866e-01
7.380000000000005e-01	5.962754e-01
7.390000000000005e-01	5.977582e-01
7.400000000000005e-01	5.992351e-01
7.410000000000005e-01	6.007062e-01
7.420000000000005e-01	6.021717e-01
7.430000000000005e-01	6.036315e-01
7.440000000000005e-01	6.050859e-01
7.450000000000006e-01	6.065349e-01
7.460000000000006e-01	6.079786e-01
7.470000000000006e-01	6.094171e-01
7.480000000000006e-01	6.108505e-01
7.490000000000006e-01	6.122788e-01
7.500000000000006e-01	6.137022e-01
7.510000000000006e-01	6.151206e-01
7.520000000000006e-01	6.165343e-01
7.530000000000006e-01	6.179431e-01
7.540000000000006e-01	6.193473e-01
7.550000000000006e-01	6.207469e-01
7.560000000000006e-01	6.221418e-01
7.570000000000006e-01	6.235322e-01
7.580000000000006e-01	6.249182e-01
7.590000000000006e-01	6.262998e-01
7.600000000000006e-01	6.276771e-01
7.610000000000006e-01	6.290500e-01
7.620000000000006e-01	6.304187e-01
7.630000000000006e-01	6.317832e-01
7.640000000000006e-01	6.331435e-01
7.650000000000006e-01	6.344997e-01
7.660000000000006e-01	6.358519e-01
7.670000000000006e-01	6.372001e-01
7.680000000000006e-01	6.385443e-01
7.690000000000006e-01	6.398845e-01
7.700000000000006e-01	6.412208e-01
7.710000000000006e-01	6.425533e-01
7.720000000000006e-01	6.438819e-01
7.730000000000006e-01	6.452068e-01
7.740000000000006e-01	6.465279e-01
7.750000000000006e-01	6.478453e-01
7.760000000000006e-01	6.491590e-01
7.770000000000006e-01	6.504691e-01
7.780000000000006e-01	6.517755e-01
7.790000000000006e-01	6.530784e-01
7.800000000000006e-01	6.543778e-01
7.810000000000006e-01	6.556736e-01
7.820000000000006e-01	6.569659e-01
7.830000000000006e-01	6.582547e-01
7.840000000000006e-01	6.595401e-01
7.850000000000006e-01	6.608220e-01
7.860000000000006e-01	6.621007e-01
7.870000000000006e-01	6.633759e-01
7.880000000000006e-01	6.646478e-01
7.890000000000006e-01	6.659164e-01
7.900000000000006e-01	6.671817e-01
7.910000000000006e-01	6.684438e-01
7.920000000000006e-01	6.697026e-01
7.930000000000006e-01	6.709583e-01
7.940000000000006e-01	6.722108e-01
7.950000000000006e-01	6.734600e-01
7.960000000000006e-01	6.747062e-01
7.970000000000006e-01	6.759492e-01
7.980000000000006e-01	6.771891e-01
7.990000000000006e-01	6.784260e-01
8.000000000000006e-01	6.796597e-01
8.010000000000006e-01	6.808904e-01
8.020000000000006e-01	6.821182e-01
8.030000000000006e-01	6.833429e-01
8.040000000000006e-01	6.845647e-01
8.050000000000006e-01	6.857834e-01
8.060000000000006e-01	6.869993e-01
8.070000000000006e-01	6.882122e-01
8.080000000000006e-01	6.894222e-01
8.090000000000006e-01	6.906293e-01
8.100000000000006e-01	6.918335e-01
8.110000000000006e-01	6.930349e-01
8.120000000000006e-01	6.942334e-01
8.130000000000006e-01	6.954291e-01
8.140000000000006e-01	6.966220e-01
8.150000000000006e-01	6.978121e-01
8.160000000000006e-01	6.989994e-01
8.170000000000006e-01	7.001839e-01
8.180000000000006e-01	7.013658e-01
8.190000000000006e-01	7.025448e-01
8.200000000000006e-01	7.037211e-01
8.210000000000006e-01	7.048948e-01
8.220000000000006e-01	7.060657e-01
8.230000000000006e-01	7.072340e-01
8.240000000000006e-01	7.083995e-01
8.250000000000006e-01	7.095625e-01
8.260000000000006e-01	7.107227e-01
8.270000000000006e-01	7.118804e-01
8.280000000000006e-01	7.130355e-01
8.290000000000006e-01	7.141879e-01
8.300000000000006e-01	7.153378e-01
8.310000000000006e-01	7.164850e-01
8.320000000000006e-01	7.176297e-01
8.330000000000006e-01	7.187719e-01
8.340000000000006e-01	7.199115e-01
8.350000000000006e-01	7.210487e-01
8.360000000000006e-01	7.221832e-01
8.370000000000006e-01	7.233153e-01
8.380000000000006e-01	7.244449e-01
8.390000000000006e-01	7.255720e-01
8.400000000000006e-01	7.266967e-01
8.410000000000006e-01	7.278189e-01
8.420000000000006e-01	7.289386e-01
8.430000000000006e-01	7.300560e-01
8.440000000000006e-01	7.311709e-01
8.450000000000006e-01	7.322834e-01
8.460000000000006e-01	7.333935e-01
8.470000000000006e-01	7.345013e-01
8.480000000000006e-01	7.356067e-01
8.490000000000006e-01	7.367097e-01
8.500000000000006e-01	7.378104e-01
8.510000000000006e-01	7.389088e-01
8.520000000000006e-01	7.400049e-01
8.530000000000006e-01	7.410986e-01
8.540000000000006e-01	7.421901e-01
8.550000000000006e-01	7.432793e-01
8.560000000000006e-01	7.443663e-01
8.570000000000007e-01	7.454510e-01
8.580000000000007e-01	7.465336e-01
8.590000000000007e-01	7.476138e-01
8.600000000000007e-01	7.486919e-01
8.610000000000007e-01	7.497678e-01
8.620000000000007e-01	7.508416e-01
8.630000000000007e-01	7.519132e-01
8.640000000000007e-01	7.529827e-01
8.650000000000007e-01	7.540500e-01
8.660000000000007e-01	7.551153e-01
8.670000000000007e-01	7.561784e-01
8.680000000000007e-01	7.572395e-01
8.690000000000007e-01	7.582986e-01
8.700000000000007e-01	7.593556e-01
8.710000000000007e-01	7.604106e-01
8.720000000000007e-01	7.614636e-01
8.730000000000007e-01	7.625147e-01
8.740000000000007e-01	7.635637e-01
8.750000000000007e-01	7.646108e-01
8.760000000000007e-01	7.656561e-01
8.770000000000007e-01	7.666994e-01
8.780000000000007e-01	7.677408e-01
8.790000000000007e-01	7.687803e-01
8.800000000000007e-01	7.698180e-01
8.810000000000007e-01	7.708539e-01
8.820000000000007e-01	7.718880e-01
8.830000000000007e-01	7.729203e-01
8.840000000000007e-01	7.739508e-01
8.850000000000007e-01	7.749795e-01
8.860000000000007e-01	7.760066e-01
8.870000000000007e-01	7.770319e-01
8.880000000000007e-01	7.780555e-01
8.890000000000007e-01	7.790775e-01
8.900000000000007e-01	7.800978e-01
8.910000000000007e-01	7.811165e-01
8.920000000000007e-01	7.821336e-01
8.930000000000007e-01	7.831492e-01
8.940000000000007e-01	7.841631e-01
8.950000000000007e-01	7.851755e-01
8.960000000000007e-01	7.861864e-01
8.970000000000007e-01	7.871957e-01
8.980000000000007e-01	7.882036e-01
8.990000000000007e-01	7.892100e-01
9.000000000000007e-01	7.902150e-01
9.010000000000007e-01	7.912185e-01
9.020000000000007e-01	7.922206e-01
9.030000000000007e-01	7.932214e-01
9.040000000000007e-01	7.942207e-01
9.050000000000007e-01	7.952187e-01
9.060000000000007e-01	7.962154e-01
9.070000000000007e-01	7.972106e-01
9.080000000000007e-01	7.982047e-01
9.090000000000007e-01	7.991974e-01
9.100000000000007e-01	8.001889e-01
9.110000000000007e-01	8.011791e-01
9.120000000000007e-01	8.021681e-01
9.130000000000007e-01	8.031558e-01
9.140000000000007e-01	8.041424e-01
9.150000000000007e-01	8.051278e-01
9.160000000000007e-01	8.061119e-01
9.170000000000007e-01	8.070950e-01
9.180000000000007e-01	8.080769e-01
9.190000000000007e-01	8.090576e-01
9.200000000000007e-01	8.100372e-01
9.210000000000007e-01	8.110157e-01
9.220000000000007e-01	8.119931e-01
9.230000000000007e-01	8.129694e-01
9.240000000000007e-01	8.139448e-01
9.250000000000007e-01	8.149189e-01
9.260000000000007e-01	8.158921e-01
9.270000000000007e-01	8.168642e-01
9.280000000000007e-01	8.178353e-01
9.290000000000007e-01	8.188053e-01
9.300000000000007e-01	8.197744e-01
9.310000000000007e-01	8.207424e-01
9.320000000000007e-01	8.217095e-01
9.330000000000007e-01	8.226755e-01
9.340000000000007e-01	8.236406e-01
9.350000000000007e-01	8.246047e-01
9.360000000000007e-01	8.255679e-01
9.370000000000007e-01	8.265302e-01
9.380000000000007e-01	8.274914e-01
9.390000000000007e-01	8.284517e-01
9.400000000000007e-01	8.294111e-01
9.410000000000007e-01	8.303695e-01
9.420000000000007e-01	8.313270e-01
9.430000000000007e-01	8.322836e-01
9.440000000000007e-01	8.332393e-01
9.450000000000007e-01	8.341941e-01
9.460000000000007e-01	8.351479e-01
9.470000000000007e-01	8.361009e-01
9.480000000000007e-01	8.370529e-01
9.490000000000007e-01	8.380041e-01
9.500000000000007e-01	8.389543e-01
9.510000000000007e-01	8.399036e-01
9.520000000000007e-01	8.408520e-01
9.530000000000007e-01	8.417996e-01
9.540000000000007e-01	8.427462e-01
9.550000000000007e-01	8.436919e-01
9.560000000000007e-01	8.446367e-01
9.570000000000007e-01	8.455807e-01
9.580000000000007e-01	8.465238e-01
9.590000000000007e-01	8.474659e-01
9.600000000000007e-01	8.484071e-01
9.610000000000007e-01	8.493475e-01
9.620000000000007e-01	8.502870e-01
9.630000000000007e-01	8.512256e-01
9.640000000000007e-01	8.521632e-01
9.650000000000007e-01	8.530999e-01
9.660000000000007e-01	8.540357e-01
9.670000000000007e-01	8.549706e-01
9.680000000000007e-01	8.559046e-01
9.690000000000007e-01	8.568377e-01
9.700000000000008e-01	8.577698e-01
9.710000000000008e-01	8.587010e-01
9.720000000000008e-01	8.596313e-01
9.730000000000008e-01	8.605606e-01
9.740000000000008e-01	8.614890e-01
9.750000000000008e-01	8.624164e-01
9.760000000000008e-01	8.633429e-01
9.770000000000008e-01	8.642684e-01
9.780000000000008e-01	8.651929e-01
9.790000000000008e-01	8.661165e-01
9.800000000000008e-01	8.670391e-01
9.810000000000008e-01	8.679607e-01
9.820000000000008e-01	8.688813e-01
9.830000000000008e-01	8.698009e-01
9.840000000000008e-01	8.707194e-01
9.850000000000008e-01	8.716369e-01
9.860000000000008e-01	8.725535e-01
9.870000000000008e-01	8.734689e-01
9.880000000000008e-01	8.743833e-01
9.890000000000008e-01	8.752967e-01
9.900000000000008e-01	8.762090e-01
9.910000000000008e-01	8.771202e-01
9.920000000000008e-01	8.780304e-01
9.930000000000008e-01	8.789394e-01
9.940000000000008e-01	8.798473e-01
9.950000000000008e-01	8.807541e-01
9.960000000000008e-01	8.816597e-01
9.970000000000008e-01	8.825642e-01
9.980000000000008e-01	8.834676e-01
9.990000000000008e-01	8.843697e-01
1.000000000000001e+00	8.852707e-01
1.001000000000001e+00	8.861705e-01
1.002000000000000e+00	8.870691e-01
1.003000000000000e+00	8.879665e-01
1.004000000000000e+00	8.888626e-01
1.005000000000000e+00	8.897574e-01
1.006000000000000e+00	8.906510e-01
1.007000000000000e+00	8.915433e-01
1.008000000000000e+00	8.924343e-01
1.009000000000000e+00	8.933240e-01
1.010000000000000e+00	8.942123e-01
1.010999999999999e+00	8.950993e-01
1.011999999999999e+00	8.959849e-01
1.012999999999999e+00	8.968692e-01
1.013999999999999e+00	8.977520e-01
1.014999999999999e+00	8.986334e-01
1.015999999999999e+00	8.995134e-01
1.016999999999999e+00	9.003919e-01
1.017999999999999e+00	9.012690e-01
1.018999999999999e+00	9.021446e-01
1.019999999999998e+00	9.030185e-01
1.020999999999998e+00	9.038910e-01
1.021999999999998e+00	9.047620e-01
1.022999999999998e+00	9.056313e-01
1.023999999999998e+00	9.064990e-01
1.024999999999998e+00	9.073651e-01
1.025999999999998e+00	9.082296e-01
1.026999999999998e+00	9.090924e-01
1.027999999999998e+00	9.099535e-01
1.028999999999997e+00	9.108128e-01
1.029999999999997e+00	9.116704e-01
1.030999999999997e+00	9.125262e-01
1.031999999999997e+00	9.133803e-01
1.032999999999997e+00	9.142326e-01
1.033999999999997e+00	9.150829e-01
1.034999999999997e+00	9.159313e-01
1.035999999999997e+00	9.167779e-01
1.036999999999997e+00	9.176226e-01
1.037999999999996e+00	9.184653e-01
1.038999999999996e+00	9.193059e-01
1.039999999999996e+00	9.201446e-01
1.040999999999996e+00	9.209812e-01
1.041999999999996e+00	9.218156e-01
1.042999999999996e+00	9.226480e-01
1.043999999999996e+00	9.234782e-01
1.044999999999996e+00	9.243063e-01
1.045999999999996e+00	9.251321e-01
1.046999999999995e+00	9.259557e-01
1.047999999999995e+00	9.267769e-01
1.048999999999995e+00	9.275958e-01
1.049999999999995e+00	9.284124e-01
1.050999999999995e+00	9.292266e-01
1.051999999999995e+00	9.300383e-01
1.052999999999995e+00	9.308475e-01
1.053999999999995e+00	9.316543e-01
1.054999999999995e+00	9.324584e-01
1.055999999999994e+00	9.332600e-01
1.056999999999994e+00	9.340589e-01
1.057999999999994e+00	9.348552e-01
1.058999999999994e+00	9.356486e-01
1.059999999999994e+00	9.364394e-01
1.060999999999994e+00	9.372273e-01
1.061999999999994e+00	9.380124e-01
1.062999999999994e+00	9.387945e-01
1.063999999999994e+00	9.395737e-01
1.064999999999994e+00	9.403499e-01
1.065999999999993e+00	9.411231e-01
1.066999999999993e+00	9.418931e-01
1.067999999999993e+00	9.426600e-01
1.068999999999993e+00	9.434236e-01
1.069999999999993e+00	9.441841e-01
1.070999999999993e+00	9.449412e-01
1.071999999999993e+00	9.456949e-01
1.072999999999993e+00	9.464453e-01
1.073999999999993e+00	9.471921e-01
1.074999999999992e+00	9.479355e-01
1.075999999999992e+00	9.486752e-01
1.076999999999992e+00	9.494113e-01
1.077999999999992e+00	9.501437e-01
1.078999999999992e+00	9.508724e-01
1.079999999999992e+00	9.515972e-01
1.080999999999992e+00	9.523181e-01
1.081999999999992e+00	9.530351e-01
1.082999999999992e+00	9.537480e-01
1.083999999999991e+00	9.544570e-01
1.084999999999991e+00	9.551618e-01
1.085999999999991e+00	9.558623e-01
1.086999999999991e+00	9.565586e-01
1.087999999999991e+00	9.572506e-01
1.088999999999991e+00	9.579382e-01
1.089999999999991e+00	9.586213e-01
1.090999999999991e+00	9.592999e-01
1.091999999999991e+00	9.599738e-01
1.092999999999990e+00	9.606431e-01
1.093999999999990e+00	9.613076e-01
1.094999999999990e+00	9.619674e-01
1.095999999999990e+00	9.626223e-01
1.096999999999990e+00	9.632722e-01
1.097999999999990e+00	9.639170e-01
1.098999999999990e+00	9.645568e-01
1.099999999999990e+00	9.651914e-01
1.100999999999990e+00	9.658208e-01
1.101999999999989e+00	9.664448e-01
1.102999999999989e+00	9.670635e-01
1.103999999999989e+00	9.676767e-01
1.104999999999989e+00	9.682844e-01
1.105999999999989e+00	9.688865e-01
1.106999999999989e+00	9.694829e-01
1.107999999999989e+00	9.700735e-01
1.108999999999989e+00	9.706584e-01
1.109999999999989e+00	9.712374e-01
1.110999999999988e+00	9.718103e-01
1.111999999999988e+00	9.723774e-01
1.112999999999988e+00	9.729382e-01
1.113999999999988e+00	9.734930e-01
1.114999999999988e+00	9.740415e-01
1.115999999999988e+00	9.745837e-01
1.116999999999988e+00	9.751197e-01
1.117999999999988e+00	9.756491e-01
1.118999999999988e+00	9.761721e-01
1.119999999999987e+00	9.766886e-01
1.120999999999987e+00	9.771985e-01
1.121999999999987e+00	9.777018e-01
1.122999999999987e+00	9.781983e-01
1.123999999999987e+00	9.786882e-01
1.124999999999987e+00	9.791713e-01
1.125999999999987e+00	9.796475e-01
1.126999999999987e+00	9.801168e-01
1.127999999999987e+00	9.805792e-01
1.128999999999986e+00	9.810347e-01
1.129999999999986e+00	9.814832e-01
1.130999999999986e+00	9.819247e-01
1.131999999999986e+00	9.823591e-01
1.132999999999986e+00	9.827864e-01
1.133999999999986e+00	9.832067e-01
1.134999999999986e+00	9.836198e-01
1.135999999999986e+00	9.840258e-01
1.136999999999986e+00	9.844248e-01
1.137999999999985e+00	9.848165e-01
1.138999999999985e+00	9.852011e-01
1.139999999999985e+00	9.855786e-01
1.140999999999985e+00	9.859490e-01
1.141999999999985e+00	9.863122e-01
1.142999999999985e+00	9.866683e-01
1.143999999999985e+00	9.870173e-01
1.144999999999985e+00	9.873593e-01
1.145999999999985e+00	9.876942e-01
1.146999999999984e+00	9.880221e-01
1.147999999999984e+00	9.883430e-01
1.148999999999984e+00	9.886570e-01
1.149999999999984e+00	9.889641e-01
1.150999999999984e+00	9.892642e-01
1.151999999999984e+00	9.895577e-01
1.152999999999984e+00	9.898444e-01
1.153999999999984e+00	9.901243e-01
1.154999999999984e+00	9.903977e-01
1.155999999999983e+00	9.906644e-01
1.156999999999983e+00	9.909247e-01
1.157999999999983e+00	9.911786e-01
1.158999999999983e+00	9.914261e-01
1.159999999999983e+00	9.916673e-01
1.160999999999983e+00	9.919023e-01
1.161999999999983e+00	9.921312e-01
1.162999999999983e+00	9.923541e-01
1.163999999999983e+00	9.925710e-01
1.164999999999982e+00	9.927821e-01
1.165999999999982e+00	9.929875e-01
1.166999999999982e+00	9.931871e-01
1.167999999999982e+00	9.933813e-01
1.168999999999982e+00	9.935699e-01
1.169999999999982e+00	9.937532e-01
1.170999999999982e+00	9.939312e-01
1.171999999999982e+00	9.941040e-01
1.172999999999982e+00	9.942718e-01
1.173999999999982e+00	9.944347e-01
1.174999999999981e+00	9.945926e-01
1.175999999999981e+00	9.947458e-01
1.176999999999981e+00	9.948944e-01
1.177999999999981e+00	9.950384e-01
1.178999999999981e+00	9.951780e-01
1.179999999999981e+00	9.953132e-01
1.180999999999981e+00	9.954442e-01
1.181999999999981e+00	9.955711e-01
1.182999999999981e+00	9.956940e-01
1.183999999999980e+00	9.958130e-01
1.184999999999980e+00	9.959281e-01
1.185999999999980e+00	9.960395e-01
1.186999999999980e+00	9.961473e-01
1.187999999999980e+00	9.962516e-01
1.188999999999980e+00	9.963524e-01
1.189999999999980e+00	9.964500e-01
1.190999999999980e+00	9.965443e-01
1.191999999999980e+00	9.966354e-01
1.192999999999979e+00	9.967236e-01
1.193999999999979e+00	9.968088e-01
1.194999999999979e+00	9.968910e-01
1.195999999999979e+00	9.969706e-01
1.196999999999979e+00	9.970474e-01
1.197999999999979e+00	9.971216e-01
1.198999999999979e+00	9.971933e-01
1.199999999999979e+00	9.972626e-01
1.200999999999979e+00	9.973295e-01
1.201999999999978e+00	9.973941e-01
1.202999999999978e+00	9.974565e-01
1.203999999999978e+00	9.975168e-01
1.204999999999978e+00	9.975749e-01
1.205999999999978e+00	9.976311e-01
1.206999999999978e+00	9.976853e-01
1.207999999999978e+00	9.977377e-01
1.208999999999978e+00	9.977883e-01
1.209999999999978e+00	9.978371e-01
1.210999999999977e+00	9.978843e-01
1.211999999999977e+00	9.979298e-01
1.212999999999977e+00	9.979738e-01
1.213999999999977e+00	9.980163e-01
1.214999999999977e+00	9.980573e-01
1.215999999999977e+00	9.980969e-01
1.216999999999977e+00	9.981352e-01
1.217999999999977e+00	9.981722e-01
1.218999999999977e+00	9.982079e-01
1.219999999999976e+00	9.982424e-01
1.220999999999976e+00	9.982757e-01
1.221999999999976e+00	9.983079e-01
1.222999999999976e+00	9.983391e-01
1.223999999999976e+00	9.983691e-01
1.224999999999976e+00	9.983982e-01
1.225999999999976e+00	9.984263e-01
1.226999999999976e+00	9.984535e-01
1.227999999999976e+00	9.984798e-01
1.228999999999975e+00	9.985052e-01
1.229999999999975e+00	9.985298e-01
1.230999999999975e+00	9.985536e-01
1.231999999999975e+00	9.985766e-01
1.232999999999975e+00	9.985989e-01
1.233999999999975e+00	9.986204e-01
1.234999999999975e+00	9.986413e-01
1.235999999999975e+00	9.986615e-01
1.236999999999975e+00	9.986811e-01
1.237999999999974e+00	9.987000e-01
1.238999999999974e+00	9.987184e-01
1.239999999999974e+00	9.987361e-01
1.240999999999974e+00	9.987534e-01
1.241999999999974e+00	9.987701e-01
1.242999999999974e+00	9.987863e-01
1.243999999999974e+00	9.988020e-01
1.244999999999974e+00	9.988173e-01
1.245999999999974e+00	9.988320e-01
1.246999999999973e+00	9.988464e-01
1.247999999999973e+00	9.988603e-01
1.248999999999973e+00	9.988738e-01
1.249999999999973e+00	9.988869e-01
1.250999999999973e+00	9.988997e-01
1.251999999999973e+00	9.989121e-01
1.252999999999973e+00	9.989241e-01
1.253999999999973e+00	9.989358e-01
1.254999999999973e+00	9.989471e-01
1.255999999999972e+00	9.989582e-01
1.256999999999972e+00	9.989689e-01
1.257999999999972e+00	9.989794e-01
1.258999999999972e+00	9.989895e-01
1.259999999999972e+00	9.989994e-01
1.260999999999972e+00	9.990090e-01
1.261999999999972e+00	9.990184e-01
1.262999999999972e+00	9.990276e-01
1.263999999999972e+00	9.990364e-01
1.264999999999971e+00	9.990451e-01
1.265999999999971e+00	9.990535e-01
1.266999999999971e+00	9.990617e-01
1.267999999999971e+00	9.990698e-01
1.268999999999971e+00	9.990776e-01
1.269999999999971e+00	9.990852e-01
1.270999999999971e+00	9.990926e-01
1.271999999999971e+00	9.990999e-01
1.272999999999971e+00	9.991069e-01
1.273999999999970e+00	9.991139e-01
1.274999999999970e+00	9.991207e-01
1.275999999999970e+00	9.991272e-01
1.276999999999970e+00	9.991336e-01
1.277999999999970e+00	9.991400e-01
1.278999999999970e+00	9.991461e-01
1.279999999999970e+00	9.991521e-01
1.280999999999970e+00	9.991580e-01
1.281999999999970e+00	9.991637e-01
1.282999999999969e+00	9.991694e-01
1.283999999999969e+00	9.991749e-01
1.284999999999969e+00	9.991803e-01
1.285999999999969e+00	9.991856e-01
1.286999999999969e+00	9.991907e-01
1.287999999999969e+00	9.991958e-01
1.288999999999969e+00	9.992008e-01
1.289999999999969e+00	9.992056e-01
1.290999999999969e+00	9.992104e-01
1.291999999999969e+00	9.992150e-01
1.292999999999968e+00	9.992196e-01
1.293999999999968e+00	9.992241e-01
1.294999999999968e+00	9.992285e-01
1.295999999999968e+00	9.992328e-01
1.296999999999968e+00	9.992370e-01
1.297999999999968e+00	9.992412e-01
1.298999999999968e+00	9.992453e-01
1.299999999999968e+00	9.992493e-01
1.300999999999968e+00	9.992532e-01
1.301999999999967e+00	9.992570e-01
1.302999999999967e+00	9.992608e-01
1.303999999999967e+00	9.992646e-01
1.304999999999967e+00	9.992682e-01
1.305999999999967e+00	9.992718e-01
1.306999999999967e+00	9.992754e-01
1.307999999999967e+00	9.992788e-01
1.308999999999967e+00	9.992823e-01
1.309999999999967e+00	9.992856e-01
1.310999999999966e+00	9.992890e-01
1.311999999999966e+00	9.992923e-01
1.312999999999966e+00	9.992954e-01
1.313999999999966e+00	9.992986e-01
1.314999999999966e+00	9.993017e-01
1.315999999999966e+00	9.993048e-01
1.316999999999966e+00	9.993078e-01
1.317999999999966e+00	9.993108e-01
1.318999999999966e+00	9.993137e-01
1.319999999999965e+00	9.993166e-01
1.320999999999965e+00	9.993194e-01
1.321999999999965e+00	9.993222e-01
1.322999999999965e+00	9.993250e-01
1.323999999999965e+00	9.993277e-01
1.324999999999965e+00	9.993304e-01
1.325999999999965e+00	9.993331e-01
1.326999999999965e+00	9.993357e-01
1.327999999999965e+00	9.993383e-01
1.328999999999964e+00	9.993408e-01
1.329999999999964e+00	9.993433e-01
1.330999999999964e+00	9.993458e-01
1.331999999999964e+00	9.993483e-01
1.332999999999964e+00	9.993507e-01
1.333999999999964e+00	9.993531e-01
1.334999999999964e+00	9.993555e-01
1.335999999999964e+00	9.993578e-01
1.336999999999964e+00	9.993601e-01
1.337999999999963e+00	9.993624e-01
1.338999999999963e+00	9.993647e-01
1.339999999999963e+00	9.993669e-01
1.340999999999963e+00	9.993691e-01
1.341999999999963e+00	9.993713e-01
1.342999999999963e+00	9.993734e-01
1.343999999999963e+00	9.993756e-01
1.344999999999963e+00	9.993777e-01
1.345999999999963e+00	9.993798e-01
1.346999999999962e+00	9.993818e-01
1.347999999999962e+00	9.993839e-01
1.348999999999962e+00	9.993859e-01
1.349999999999962e+00	9.993879e-01
1.350999999999962e+00	9.993899e-01
1.351999999999962e+00	9.993919e-01
1.352999999999962e+00	9.993938e-01
1.353999999999962e+00	9.993957e-01
1.354999999999962e+00	9.993976e-01
1.355999999999961e+00	9.993995e-01
1.356999999999961e+00	9.994014e-01
1.357999999999961e+00	9.994032e-01
1.358999999999961e+00	9.994051e-01
1.359999999999961e+00	9.994069e-01
1.360999999999961e+00	9.994087e-01
1.361999999999961e+00	9.994105e-01
1.362999999999961e+00	9.994122e-01
1.363999999999961e+00	9.994140e-01
1.364999999999960e+00	9.994158e-01
1.365999999999960e+00	9.994175e-01
1.366999999999960e+00	9.994192e-01
1.367999999999960e+00	9.994209e-01
1.368999999999960e+00	9.994226e-01
1.369999999999960e+00	9.994243e-01
1.370999999999960e+00	9.994259e-01
1.371999999999960e+00	9.994276e-01
1.372999999999960e+00	9.994292e-01
1.373999999999959e+00	9.994308e-01
1.374999999999959e+00	9.994324e-01
1.375999999999959e+00	9.994340e-01
1.376999999999959e+00	9.994356e-01
1.377999999999959e+00	9.994372e-01
1.378999999999959e+00	9.994388e-01
1.379999999999959e+00	9.994403e-01
1.380999999999959e+00	9.994418e-01
1.381999999999959e+00	9.994434e-01
1.382999999999958e+00	9.994449e-01
1.383999999999958e+00	9.994464e-01
1.384999999999958e+00	9.994479e-01
1.385999999999958e+00	9.994494e-01
1.386999999999958e+00	9.994509e-01
1.387999999999958e+00	9.994523e-01
1.388999999999958e+00	9.994538e-01
1.389999999999958e+00	9.994552e-01
1.390999999999958e+00	9.994566e-01
1.391999999999957e+00	9.994581e-01
1.392999999999957e+00	9.994595e-01
1.393999999999957e+00	9.994609e-01
1.394999999999957e+00	9.994624e-01
1.395999999999957e+00	9.994637e-01
1.396999999999957e+00	9.994651e-01
1.397999999999957e+00	9.994665e-01
1.398999999999957e+00	9.994679e-01
1.399999999999957e+00	9.994693e-01
1.400999999999957e+00	9.994706e-01
1.401999999999956e+00	9.994720e-01
1.402999999999956e+00	9.994733e-01
1.403999999999956e+00	9.994746e-01
1.404999999999956e+00	9.994760e-01
1.405999999999956e+00	9.994773e-01
1.406999999999956e+00	9.994786e-01
1.407999999999956e+00	9.994799e-01
1.408999999999956e+00	9.994812e-01
1.409999999999956e+00	9.994825e-01
1.410999999999955e+00	9.994838e-01
1.411999999999955e+00	9.994851e-01
1.412999999999955e+00	9.994863e-01
1.413999999999955e+00	9.994876e-01
1.414999999999955e+00	9.994889e-01
1.415999999999955e+00	9.994901e-01
1.416999999999955e+00	9.994914e-01
1.417999999999955e+00	9.994926e-01
1.418999999999955e+00	9.994939e-01
1.419999999999954e+00	9.994951e-01
1.420999999999954e+00	9.994963e-01
1.421999999999954e+00	9.994976e-01
1.422999999999954e+00	9.994988e-01
1.423999999999954e+00	9.995000e-01
1.424999999999954e+00	9.995012e-01
1.425999999999954e+00	9.995024e-01
1.426999999999954e+00	9.995036e-01
1.427999999999954e+00	9.995048e-01
1.428999999999953e+00	9.995060e-01
1.429999999999953e+00	9.995072e-01
1.430999999999953e+00	9.995083e-01
1.431999999999953e+00	9.995095e-01
1.432999999999953e+00	9.995107e-01
1.433999999999953e+00	9.995118e-01
1.434999999999953e+00	9.995130e-01
1.435999999999953e+00	9.995142e-01
1.436999999999953e+00	9.995153e-01
1.437999999999952e+00	9.995165e-01
1.438999999999952e+00	9.995176e-01
1.439999999999952e+00	9.995188e-01
1.440999999999952e+00	9.995199e-01
1.441999999999952e+00	9.995210e-01
1.442999999999952e+00	9.995221e-01
1.443999999999952e+00	9.995232e-01
1.444999999999952e+00	9.995244e-01
1.445999999999952e+00	9.995255e-01
1.446999999999951e+00	9.995266e-01
1.447999999999951e+00	9.995277e-01
1.448999999999951e+00	9.995288e-01
1.449999999999951e+00	9.995299e-01
1.450999999999951e+00	9.995310e-01
1.451999999999951e+00	9.995320e-01
1.452999999999951e+00	9.995332e-01
1.453999999999951e+00	9.995342e-01
1.454999999999951e+00	9.995353e-01
1.455999999999950e+00	9.995364e-01
1.456999999999950e+00	9.995375e-01
1.457999999999950e+00	9.995385e-01
1.458999999999950e+00	9.995396e-01
1.459999999999950e+00	9.995407e-01
1.460999999999950e+00	9.995417e-01
1.461999999999950e+00	9.995428e-01
1.462999999999950e+00	9.995438e-01
1.463999999999950e+00	9.995449e-01
1.464999999999949e+00	9.995459e-01
1.465999999999949e+00	9.995469e-01
1.466999999999949e+00	9.995480e-01
1.467999999999949e+00	9.995490e-01
1.468999999999949e+00	9.995501e-01
1.469999999999949e+00	9.995511e-01
1.470999999999949e+00	9.995521e-01
1.471999999999949e+00	9.995531e-01
1.472999999999949e+00	9.995542e-01
1.473999999999948e+00	9.995552e-01
1.474999999999948e+00	9.995562e-01
1.475999999999948e+00	9.995573e-01
1.476999999999948e+00	9.995583e-01
1.477999999999948e+00	9.995593e-01
1.478999999999948e+00	9.995602e-01
1.479999999999948e+00	9.995613e-01
1.480999999999948e+00	9.995623e-01
1.481999999999948e+00	9.995633e-01
1.482999999999947e+00	9.995642e-01
1.483999999999947e+00	9.995652e-01
1.484999999999947e+00	9.995662e-01
1.485999999999947e+00	9.995672e-01
1.486999999999947e+00	9.995682e-01
1.487999999999947e+00	9.995691e-01
1.488999999999947e+00	9.995701e-01
1.489999999999947e+00	9.995711e-01
1.490999999999947e+00	9.995720e-01
1.491999999999946e+00	9.995730e-01
1.492999999999946e+00	9.995739e-01
1.493999999999946e+00	9.995749e-01
1.494999999999946e+00	9.995759e-01
1.495999999999946e+00	9.995768e-01
1.496999999999946e+00	9.995778e-01
1.497999999999946e+00	9.995787e-01
1.498999999999946e+00	9.995797e-01
1.499999999999946e+00	9.995806e-01
1.500999999999945e+00	9.995815e-01
1.501999999999945e+00	9.995825e-01
1.502999999999945e+00	9.995834e-01
1.503999999999945e+00	9.995843e-01
1.504999999999945e+00	9.995853e-01
1.505999999999945e+00	9.995862e-01
1.506999999999945e+00	9.995871e-01
1.507999999999945e+00	9.995881e-01
1.508999999999945e+00	9.995890e-01
1.509999999999944e+00	9.995899e-01
1.510999999999944e+00	9.995908e-01
1.511999999999944e+00	9.995918e-01
1.512999999999944e+00	9.995927e-01
1.513999999999944e+00	9.995936e-01
1.514999999999944e+00	9.995945e-01
1.515999999999944e+00	9.995954e-01
1.516999999999944e+00	9.995963e-01
1.517999999999944e+00	9.995973e-01
1.518999999999944e+00	9.995981e-01
1.519999999999943e+00	9.995990e-01
1.520999999999943e+00	9.995999e-01
1.521999999999943e+00	9.996009e-01
1.522999999999943e+00	9.996018e-01
1.523999999999943e+00	9.996027e-01
1.524999999999943e+00	9.996036e-01
1.525999999999943e+00	9.996045e-01
1.526999999999943e+00	9.996054e-01
1.527999999999943e+00	9.996063e-01
1.528999999999942e+00	9.996071e-01
1.529999999999942e+00	9.996080e-01
1.530999999999942e+00	9.996089e-01
1.531999999999942e+00	9.996098e-01
1.532999999999942e+00	9.996107e-01
1.533999999999942e+00	9.996116e-01
1.534999999999942e+00	9.996125e-01
1.535999999999942e+00	9.996134e-01
1.536999999999942e+00	9.996143e-01
1.537999999999941e+00	9.996152e-01
1.538999999999941e+00	9.996161e-01
1.539999999999941e+00	9.996170e-01
1.540999999999941e+00	9.996178e-01
1.541999999999941e+00	9.996187e-01
1.542999999999941e+00	9.996196e-01
1.543999999999941e+00	9.996205e-01
1.544999999999941e+00	9.996213e-01
1.545999999999941e+00	9.996222e-01
1.546999999999940e+00	9.996231e-01
1.547999999999940e+00	9.996240e-01
1.548999999999940e+00	9.996248e-01
1.549999999999940e+00	9.996257e-01
1.550999999999940e+00	9.996266e-01
1.551999999999940e+00	9.996275e-01
1.552999999999940e+00	9.996284e-01
1.553999999999940e+00	9.996292e-01
1.554999999999940e+00	9.996301e-01
1.555999999999939e+00	9.996309e-01
1.556999999999939e+00	9.996318e-01
1.557999999999939e+00	9.996327e-01
1.558999999999939e+00	9.996336e-01
1.559999999999939e+00	9.996344e-01
1.560999999999939e+00	9.996353e-01
1.561999999999939e+00	9.996362e-01
1.562999999999939e+00	9.996370e-01
1.563999999999939e+00	9.996378e-01
1.564999999999938e+00	9.996387e-01
1.565999999999938e+00	9.996396e-01
1.566999999999938e+00	9.996405e-01
1.567999999999938e+00	9.996413e-01
1.568999999999938e+00	9.996421e-01
1.569999999999938e+00	9.996430e-01
1.570999999999938e+00	9.996439e-01
1.571999999999938e+00	9.996447e-01
1.572999999999938e+00	9.996456e-01
1.573999999999937e+00	9.996464e-01
1.574999999999937e+00	9.996473e-01
1.575999999999937e+00	9.996482e-01
1.576999999999937e+00	9.996490e-01
1.577999999999937e+00	9.996498e-01
1.578999999999937e+00	9.996507e-01
1.579999999999937e+00	9.996516e-01
1.580999999999937e+00	9.996524e-01
1.581999999999937e+00	9.996532e-01
1.582999999999936e+00	9.996541e-01
1.583999999999936e+00	9.996549e-01
1.584999999999936e+00	9.996558e-01
1.585999999999936e+00	9.996566e-01
1.586999999999936e+00	9.996575e-01
1.587999999999936e+00	9.996583e-01
1.588999999999936e+00	9.996591e-01
1.589999999999936e+00	9.996600e-01
1.590999999999936e+00	9.996608e-01
1.591999999999935e+00	9.996617e-01
1.592999999999935e+00	9.996625e-01
1.593999999999935e+00	9.996634e-01
1.594999999999935e+00	9.996642e-01
1.595999999999935e+00	9.996650e-01
1.596999999999935e+00	9.996659e-01
1.597999999999935e+00	9.996667e-01
1.598999999999935e+00	9.996675e-01
1.599999999999935e+00	9.996684e-01
1.600999999999934e+00	9.996692e-01
1.601999999999934e+00	9.996700e-01
1.602999999999934e+00	9.996709e-01
1.603999999999934e+00	9.996717e-01
1.604999999999934e+00	9.996725e-01
1.605999999999934e+00	9.996734e-01
1.606999999999934e+00	9.996742e-01
1.607999999999934e+00	9.996750e-01
1.608999999999934e+00	9.996759e-01
1.609999999999933e+00	9.996767e-01
1.610999999999933e+00	9.996775e-01
1.611999999999933e+00	9.996784e-01
1.612999999999933e+00	9.996792e-01
1.613999999999933e+00	9.996800e-01
1.614999999999933e+00	9.996809e-01
1.615999999999933e+00	9.996817e-01
1.616999999999933e+00	9.996825e-01
1.617999999999933e+00	9.996833e-01
1.618999999999932e+00	9.996842e-01
1.619999999999932e+00	9.996850e-01
1.620999999999932e+00	9.996858e-01
1.621999999999932e+00	9.996867e-01
1.622999999999932e+00	9.996875e-01
1.623999999999932e+00	9.996883e-01
1.624999999999932e+00	9.996891e-01
1.625999999999932e+00	9.996899e-01
1.626999999999932e+00	9.996908e-01
1.627999999999932e+00	9.996916e-01
1.628999999999931e+00	9.996924e-01
1.629999999999931e+00	9.996933e-01
1.630999999999931e+00	9.996940e-01
1.631999999999931e+00	9.996949e-01
1.632999999999931e+00	9.996957e-01
1.633999999999931e+00	9.996966e-01
1.634999999999931e+00	9.996974e-01
1.635999999999931e+00	9.996982e-01
1.636999999999931e+00	9.996990e-01
1.637999999999930e+00	9.996998e-01
1.638999999999930e+00	9.997007e-01
1.639999999999930e+00	9.997014e-01
1.640999999999930e+00	9.997023e-01
1.641999999999930e+00	9.997031e-01
1.642999999999930e+00	9.997039e-01
1.643999999999930e+00	9.997048e-01
1.644999999999930e+00	9.997056e-01
1.645999999999930e+00	9.997064e-01
1.646999999999929e+00	9.997072e-01
1.647999999999929e+00	9.997080e-01
1.648999999999929e+00	9.997088e-01
1.649999999999929e+00	9.997097e-01
1.650999999999929e+00	9.997105e-01
1.651999999999929e+00	9.997113e-01
1.652999999999929e+00	9.997121e-01
1.653999999999929e+00	9.997129e-01
1.654999999999929e+00	9.997138e-01
1.655999999999928e+00	9.997146e-01
1.656999999999928e+00	9.997154e-01
1.657999999999928e+00	9.997162e-01
1.658999999999928e+00	9.997170e-01
1.659999999999928e+00	9.997178e-01
1.660999999999928e+00	9.997187e-01
1.661999999999928e+00	9.997194e-01
1.662999999999928e+00	9.997203e-01
1.663999999999928e+00	9.997211e-01
1.664999999999927e+00	9.997219e-01
1.665999999999927e+00	9.997227e-01
1.666999999999927e+00	9.997236e-01
1.667999999999927e+00	9.997244e-01
1.668999999999927e+00	9.997252e-01
1.669999999999927e+00	9.997260e-01
1.670999999999927e+00	9.997268e-01
1.671999999999927e+00	9.997276e-01
1.672999999999927e+00	9.997284e-01
1.673999999999926e+00	9.997293e-01
1.674999999999926e+00	9.997301e-01
1.675999999999926e+00	9.997309e-01
1.676999999999926e+00	9.997317e-01
1.677999999999926e+00	9.997325e-01
1.678999999999926e+00	9.997333e-01
1.679999999999926e+00	9.997342e-01
1.680999999999926e+00	9.997349e-01
1.681999999999926e+00	9.997358e-01
1.682999999999925e+00	9.997366e-01
1.683999999999925e+00	9.997374e-01
1.684999999999925e+00	9.997382e-01
1.685999999999925e+00	9.997391e-01
1.686999999999925e+00	9.997398e-01
1.687999999999925e+00	9.997407e-01
1.688999999999925e+00	9.997415e-01
1.689999999999925e+00	9.997423e-01
1.690999999999925e+00	9.997431e-01
1.691999999999924e+00	9.997439e-01
1.692999999999924e+00	9.997448e-01
1.693999999999924e+00	9.997455e-01
1.694999999999924e+00	9.997464e-01
1.695999999999924e+00	9.997472e-01
1.696999999999924e+00	9.997480e-01
1.697999999999924e+00	9.997488e-01
1.698999999999924e+00	9.997497e-01
1.699999999999924e+00	9.997504e-01
1.700999999999923e+00	9.997513e-01
1.701999999999923e+00	9.997521e-01
1.702999999999923e+00	9.997529e-01
1.703999999999923e+00	9.997537e-01
1.704999999999923e+00	9.997545e-01
1.705999999999923e+00	9.997554e-01
1.706999999999923e+00	9.997562e-01
1.707999999999923e+00	9.997570e-01
1.708999999999923e+00	9.997578e-01
1.709999999999922e+00	9.997586e-01
1.710999999999922e+00	9.997594e-01
1.711999999999922e+00	9.997603e-01
1.712999999999922e+00	9.997611e-01
1.713999999999922e+00	9.997619e-01
1.714999999999922e+00	9.997627e-01
1.715999999999922e+00	9.997635e-01
1.716999999999922e+00	9.997644e-01
1.717999999999922e+00	9.997652e-01
1.718999999999921e+00	9.997660e-01
1.719999999999921e+00	9.997668e-01
1.720999999999921e+00	9.997677e-01
1.721999999999921e+00	9.997684e-01
1.722999999999921e+00	9.997693e-01
1.723999999999921e+00	9.997701e-01
1.724999999999921e+00	9.997709e-01
1.725999999999921e+00	9.997718e-01
1.726999999999921e+00	9.997725e-01
1.727999999999920e+00	9.997734e-01
1.728999999999920e+00	9.997742e-01
1.729999999999920e+00	9.997751e-01
1.730999999999920e+00	9.997759e-01
1.731999999999920e+00	9.997767e-01
1.732999999999920e+00	9.997775e-01
1.733999999999920e+00	9.997783e-01
1.734999999999920e+00	9.997792e-01
1.735999999999920e+00	9.997800e-01
1.736999999999919e+00	9.997808e-01
1.737999999999919e+00	9.997817e-01
1.738999999999919e+00	9.997824e-01
1.739999999999919e+00	9.997833e-01
1.740999999999919e+00	9.997841e-01
1.741999999999919e+00	9.997849e-01
1.742999999999919e+00	9.997858e-01
1.743999999999919e+00	9.997866e-01
1.744999999999919e+00	9.997874e-01
1.745999999999919e+00	9.997883e-01
1.746999999999918e+00	9.997891e-01
1.747999999999918e+00	9.997900e-01
1.748999999999918e+00	9.997908e-01
1.749999999999918e+00	9.997916e-01
1.750999999999918e+00	9.997925e-01
1.751999999999918e+00	9.997933e-01
1.752999999999918e+00	9.997941e-01
1.753999999999918e+00	9.997950e-01
1.754999999999918e+00	9.997958e-01
1.755999999999917e+00	9.997966e-01
1.756999999999917e+00	9.997975e-01
1.757999999999917e+00	9.997983e-01
1.758999999999917e+00	9.997991e-01
1.759999999999917e+00	9.998000e-01
1.760999999999917e+00	9.998008e-01
1.761999999999917e+00	9.998016e-01
1.762999999999917e+00	9.998025e-01
1.763999999999917e+00	9.998033e-01
1.764999999999916e+00	9.998041e-01
1.765999999999916e+00	9.998050e-01
1.766999999999916e+00	9.998058e-01
1.767999999999916e+00	9.998067e-01
1.768999999999916e+00	9.998075e-01
1.769999999999916e+00	9.998084e-01
1.770999999999916e+00	9.998092e-01
1.771999999999916e+00	9.998100e-01
1.772999999999916e+00	9.998109e-01
1.773999999999915e+00	9.998118e-01
1.774999999999915e+00	9.998126e-01
1.775999999999915e+00	9.998134e-01
1.776999999999915e+00	9.998143e-01
1.777999999999915e+00	9.998152e-01
1.778999999999915e+00	9.998160e-01
1.779999999999915e+00	9.998168e-01
1.780999999999915e+00	9.998177e-01
1.781999999999915e+00	9.998186e-01
1.782999999999914e+00	9.998194e-01
1.783999999999914e+00	9.998203e-01
1.784999999999914e+00	9.998211e-01
1.785999999999914e+00	9.998220e-01
1.786999999999914e+00	9.998229e-01
1.787999999999914e+00	9.998237e-01
1.788999999999914e+00	9.998246e-01
1.789999999999914e+00	9.998254e-01
1.790999999999914e+00	9.998263e-01
1.791999999999913e+00	9.998271e-01
1.792999999999913e+00	9.998280e-01
1.793999999999913e+00	9.998289e-01
1.794999999999913e+00	9.998298e-01
1.795999999999913e+00	9.998306e-01
1.796999999999913e+00	9.998315e-01
1.797999999999913e+00	9.998323e-01
1.798999999999913e+00	9.998332e-01
1.799999999999913e+00	9.998341e-01
1.800999999999912e+00	9.998350e-01
1.801999999999912e+00	9.998358e-01
1.802999999999912e+00	9.998367e-01
1.803999999999912e+00	9.998376e-01
1.804999999999912e+00	9.998385e-01
1.805999999999912e+00	9.998393e-01
1.806999999999912e+00	9.998402e-01
1.807999999999912e+00	9.998411e-01
1.808999999999912e+00	9.998420e-01
1.809999999999911e+00	9.998428e-01
1.810999999999911e+00	9.998437e-01
1.811999999999911e+00	9.998446e-01
1.812999999999911e+00	9.998455e-01
1.813999999999911e+00	9.998464e-01
1.814999999999911e+00	9.998473e-01
1.815999999999911e+00	9.998482e-01
1.816999999999911e+00	9.998490e-01
1.817999999999911e+00	9.998499e-01
1.818999999999910e+00	9.998508e-01
1.819999999999910e+00	9.998517e-01
1.820999999999910e+00	9.998526e-01
1.821999999999910e+00	9.998535e-01
1.822999999999910e+00	9.998544e-01
1.823999999999910e+00	9.998553e-01
1.824999999999910e+00	9.998562e-01
1.825999999999910e+00	9.998571e-01
1.826999999999910e+00	9.998580e-01
1.827999999999909e+00	9.998589e-01
1.828999999999909e+00	9.998598e-01
1.829999999999909e+00	9.998607e-01
1.830999999999909e+00	9.998617e-01
1.831999999999909e+00	9.998626e-01
1.832999999999909e+00	9.998634e-01
1.833999999999909e+00	9.998644e-01
1.834999999999909e+00	9.998653e-01
1.835999999999909e+00	9.998662e-01
1.836999999999908e+00	9.998671e-01
1.837999999999908e+00	9.998680e-01
1.838999999999908e+00	9.998689e-01
1.839999999999908e+00	9.998699e-01
1.840999999999908e+00	9.998708e-01
1.841999999999908e+00	9.998717e-01
1.842999999999908e+00	9.998726e-01
1.843999999999908e+00	9.998736e-01
1.844999999999908e+00	9.998745e-01
1.845999999999907e+00	9.998754e-01
1.846999999999907e+00	9.998764e-01
1.847999999999907e+00	9.998773e-01
1.848999999999907e+00	9.998782e-01
1.849999999999907e+00	9.998792e-01
1.850999999999907e+00	9.998801e-01
1.851999999999907e+00	9.998810e-01
1.852999999999907e+00	9.998820e-01
1.853999999999907e+00	9.998829e-01
1.854999999999907e+00	9.998839e-01
1.855999999999906e+00	9.998848e-01
1.856999999999906e+00	9.998858e-01
1.857999999999906e+00	9.998868e-01
1.858999999999906e+00	9.998877e-01
1.859999999999906e+00	9.998887e-01
1.860999999999906e+00	9.998896e-01
1.861999999999906e+00	9.998906e-01
1.862999999999906e+00	9.998915e-01
1.863999999999906e+00	9.998925e-01
1.864999999999905e+00	9.998934e-01
1.865999999999905e+00	9.998944e-01
1.866999999999905e+00	9.998954e-01
1.867999999999905e+00	9.998963e-01
1.868999999999905e+00	9.998973e-01
1.869999999999905e+00	9.998983e-01
1.870999999999905e+00	9.998993e-01
1.871999999999905e+00	9.999002e-01
1.872999999999905e+00	9.999012e-01
1.873999999999904e+00	9.999022e-01
1.874999999999904e+00	9.999032e-01
1.875999999999904e+00	9.999042e-01
1.876999999999904e+00	9.999052e-01
1.877999999999904e+00	9.999061e-01
1.878999999999904e+00	9.999071e-01
1.879999999999904e+00	9.999081e-01
1.880999999999904e+00	9.999091e-01
1.881999999999904e+00	9.999101e-01
1.882999999999903e+00	9.999111e-01
1.883999999999903e+00	9.999121e-01
1.884999999999903e+00	9.999132e-01
1.885999999999903e+00	9.999141e-01
1.886999999999903e+00	9.999151e-01
1.887999999999903e+00	9.999161e-01
1.888999999999903e+00	9.999171e-01
1.889999999999903e+00	9.999182e-01
1.890999999999903e+00	9.999192e-01
1.891999999999902e+00	9.999202e-01
1.892999999999902e+00	9.999213e-01
1.893999999999902e+00	9.999223e-01
1.894999999999902e+00	9.999233e-01
1.895999999999902e+00	9.999243e-01
1.896999999999902e+00	9.999254e-01
1.897999999999902e+00	9.999264e-01
1.898999999999902e+00	9.999274e-01
1.899999999999902e+00	9.999285e-01
1.900999999999901e+00	9.999295e-01
1.901999999999901e+00	9.999306e-01
1.902999999999901e+00	9.999316e-01
1.903999999999901e+00	9.999326e-01
1.904999999999901e+00	9.999337e-01
1.905999999999901e+00	9.999347e-01
1.906999999999901e+00	9.999358e-01
1.907999999999901e+00	9.999369e-01
1.908999999999901e+00	9.999380e-01
1.909999999999900e+00	9.999390e-01
1.910999999999900e+00	9.999400e-01
1.911999999999900e+00	9.999411e-01
1.912999999999900e+00	9.999422e-01
1.913999999999900e+00	9.999433e-01
1.914999999999900e+00	9.999443e-01
1.915999999999900e+00	9.999455e-01
1.916999999999900e+00	9.999465e-01
1.917999999999900e+00	9.999476e-01
1.918999999999899e+00	9.999487e-01
1.919999999999899e+00	9.999498e-01
1.920999999999899e+00	9.999509e-01
1.921999999999899e+00	9.999520e-01
1.922999999999899e+00	9.999531e-01
1.923999999999899e+00	9.999542e-01
1.924999999999899e+00	9.999553e-01
1.925999999999899e+00	9.999564e-01
1.926999999999899e+00	9.999575e-01
1.927999999999898e+00	9.999586e-01
1.928999999999898e+00	9.999597e-01
1.929999999999898e+00	9.999608e-01
1.930999999999898e+00	9.999620e-01
1.931999999999898e+00	9.999631e-01
1.932999999999898e+00	9.999642e-01
1.933999999999898e+00	9.999654e-01
1.934999999999898e+00	9.999665e-01
1.935999999999898e+00	9.999676e-01
1.936999999999897e+00	9.999688e-01
1.937999999999897e+00	9.999699e-01
1.938999999999897e+00	9.999711e-01
1.939999999999897e+00	9.999722e-01
1.940999999999897e+00	9.999734e-01
1.941999999999897e+00	9.999745e-01
1.942999999999897e+00	9.999757e-01
1.943999999999897e+00	9.999769e-01
1.944999999999897e+00	9.999780e-01
1.945999999999896e+00	9.999792e-01
1.946999999999896e+00	9.999804e-01
1.947999999999896e+00	9.999816e-01
1.948999999999896e+00	9.999827e-01
1.949999999999896e+00	9.999839e-01
1.950999999999896e+00	9.999851e-01
1.951999999999896e+00	9.999863e-01
1.952999999999896e+00	9.999875e-01
1.953999999999896e+00	9.999887e-01
1.954999999999895e+00	9.999899e-01
1.955999999999895e+00	9.999911e-01
1.956999999999895e+00	9.999923e-01
1.957999999999895e+00	9.999935e-01
1.958999999999895e+00	9.999948e-01
1.959999999999895e+00	9.999959e-01
1.960999999999895e+00	9.999972e-01
1.961999999999895e+00	9.999984e-01
1.962999999999895e+00	9.999996e-01
1.963999999999894e+00	1.000001e+00
1.964999999999894e+00	1.000002e+00
1.965999999999894e+00	1.000003e+00
1.966999999999894e+00	1.000005e+00
1.967999999999894e+00	1.000006e+00
1.968999999999894e+00	1.000007e+00
1.969999999999894e+00	1.000008e+00
1.970999999999894e+00	1.000010e+00
1.971999999999894e+00	1.000011e+00
1.972999999999894e+00	1.000012e+00
1.973999999999893e+00	1.000013e+00
1.974999999999893e+00	1.000015e+00
1.975999999999893e+00	1.000016e+00
1.976999999999893e+00	1.000017e+00
1.977999999999893e+00	1.000018e+00
1.978999999999893e+00	1.000020e+00
1.979999999999893e+00	1.000021e+00
1.980999999999893e+00	1.000022e+00
1.981999999999893e+00	1.000024e+00
1.982999999999892e+00	1.000025e+00
1.983999999999892e+00	1.000026e+00
1.984999999999892e+00	1.000028e+00
1.985999999999892e+00	1.000029e+00
1.986999999999892e+00	1.000030e+00
1.987999999999892e+00	1.000032e+00
1.988999999999892e+00	1.000033e+00
1.989999999999892e+00	1.000034e+00
1.990999999999892e+00	1.000036e+00
1.991999999999891e+00	1.000037e+00
1.992999999999891e+00	1.000038e+00
1.993999999999891e+00	1.000040e+00
1.994999999999891e+00	1.000041e+00
1.995999999999891e+00	1.000042e+00
1.996999999999891e+00	1.000044e+00
1.997999999999891e+00	1.000045e+00
1.998999999999891e+00	1.000046e+00
2.000000000000000e+00	1.000048e+00
