time	V(out)
0.000000000000000e+00	1.004484e+00
5.714285679557311e-09	1.004484e+00
1.142857135911462e-08	1.004483e+00
1.714285703867193e-08	1.004483e+00
2.285714271822924e-08	1.004481e+00
2.857142839778655e-08	1.004480e+00
3.428571407734386e-08	1.004478e+00
3.999999975690116e-08	1.004476e+00
7.999999951380232e-08	1.004453e+00
1.599999990276046e-07	1.004362e+00
3.199999980552093e-07	1.004031e+00
6.399999961104186e-07	1.003015e+00
1.000000000000000e-06	1.001582e+00
1.108000001166874e-06	1.001148e+00
1.252000002722707e-06	1.000704e+00
1.510844462055518e-06	1.000155e+00
1.791440739057153e-06	9.998096e-01
2.121145140813720e-06	9.996149e-01
2.480736883820598e-06	9.995258e-01
2.938895573665588e-06	9.994867e-01
3.522032592047371e-06	9.994732e-01
4.446583567727759e-06	9.994695e-01
5.423146067727759e-06	9.994692e-01
6.399708567727759e-06	9.994693e-01
7.376271067727759e-06	9.994693e-01
8.352833567727759e-06	9.994693e-01
1.010000000000000e-04	9.994693e-01
1.010976562500000e-04	9.995550e-01
1.012929687500000e-04	9.998505e-01
1.016093750000000e-04	1.000619e+00
1.020000000000000e-04	1.001834e+00
1.020390625000000e-04	1.001966e+00
1.021171875000000e-04	1.002208e+00
1.022734375000000e-04	1.002599e+00
1.025859375000000e-04	1.003155e+00
1.030497022181592e-04	1.003678e+00
1.035711813616735e-04	1.004011e+00
1.042741085394033e-04	1.004238e+00
1.052506710394033e-04	1.004385e+00
1.062272335394033e-04	1.004447e+00
1.072037960394033e-04	1.004470e+00
1.081803585394033e-04	1.004479e+00
1.091569210394033e-04	1.004482e+00
1.101334835394033e-04	1.004483e+00
1.111100460394033e-04	1.004484e+00
1.120866085394033e-04	1.004484e+00
1.130631710394033e-04	1.004484e+00
1.140397335394033e-04	1.004484e+00
1.150162960394033e-04	1.004484e+00
1.159928585394033e-04	1.004484e+00
1.179459835394033e-04	1.004484e+00
1.198991085394033e-04	1.004484e+00
1.218522335394033e-04	1.004484e+00
1.238053585394033e-04	1.004484e+00
1.257584835394033e-04	1.004484e+00
1.277116085394033e-04	1.004484e+00
1.296647335394033e-04	1.004484e+00
2.000000000000000e-04	1.004484e+00
2.000364263369546e-04	1.004470e+00
2.001092790108637e-04	1.004413e+00
2.002549843586821e-04	1.004169e+00
2.005463950543188e-04	1.003326e+00
2.010000000000000e-04	1.001599e+00
2.011360814837043e-04	1.001069e+00
2.013175234619768e-04	1.000548e+00
2.015746596718800e-04	1.000058e+00
2.018492155729539e-04	9.997689e-01
2.022296799275750e-04	9.995819e-01
2.025761404079266e-04	9.995127e-01
2.031017042849436e-04	9.994810e-01
2.036939149668693e-04	9.994714e-01
2.046704774668693e-04	9.994694e-01
2.056470399668693e-04	9.994692e-01
2.066236024668693e-04	9.994693e-01
2.076001649668693e-04	9.994693e-01
3.009999999999999e-04	9.994693e-01
3.010976562499999e-04	9.995550e-01
3.012929687499999e-04	9.998505e-01
3.016093750000000e-04	1.000619e+00
3.020000000000000e-04	1.001834e+00
3.020390625000000e-04	1.001966e+00
3.021171875000000e-04	1.002208e+00
3.022734375000000e-04	1.002599e+00
3.025859375000000e-04	1.003155e+00
3.030497022169111e-04	1.003678e+00
3.035711813594736e-04	1.004011e+00
3.042741085356316e-04	1.004238e+00
3.052506710356316e-04	1.004385e+00
3.062272335356316e-04	1.004447e+00
3.072037960356317e-04	1.004470e+00
3.081803585356317e-04	1.004479e+00
3.091569210356317e-04	1.004482e+00
3.101334835356317e-04	1.004483e+00
3.111100460356317e-04	1.004484e+00
3.120866085356317e-04	1.004484e+00
3.130631710356317e-04	1.004484e+00
3.140397335356317e-04	1.004484e+00
3.150162960356317e-04	1.004484e+00
3.159928585356317e-04	1.004484e+00
3.179459835356317e-04	1.004484e+00
3.198991085356317e-04	1.004484e+00
3.218522335356317e-04	1.004484e+00
3.238053585356317e-04	1.004484e+00
3.257584835356317e-04	1.004484e+00
3.277116085356317e-04	1.004484e+00
3.296647335356317e-04	1.004484e+00
4.000000000000000e-04	1.004484e+00
4.000364263429891e-04	1.004470e+00
4.001092790289675e-04	1.004413e+00
4.002549844009242e-04	1.004169e+00
4.005463951448375e-04	1.003326e+00
4.010000000000000e-04	1.001599e+00
4.011360814565487e-04	1.001069e+00
4.013175233986137e-04	1.000548e+00
4.015746596091957e-04	1.000058e+00
4.018492155146593e-04	9.997689e-01
4.022296798797687e-04	9.995819e-01
4.025761403454916e-04	9.995127e-01
4.031017041993764e-04	9.994810e-01
4.036939148370882e-04	9.994714e-01
4.046704773370882e-04	9.994694e-01
4.056470398370882e-04	9.994692e-01
4.066236023370882e-04	9.994693e-01
4.076001648370882e-04	9.994693e-01
5.009999999999999e-04	9.994693e-01
5.010976562499999e-04	9.995550e-01
5.012929687499999e-04	9.998505e-01
5.016093750000000e-04	1.000619e+00
5.020000000000001e-04	1.001834e+00
5.020390625000001e-04	1.001966e+00
5.021171875000001e-04	1.002208e+00
5.022734375000000e-04	1.002599e+00
5.025859375000000e-04	1.003155e+00
5.030497022183759e-04	1.003678e+00
5.035711813620183e-04	1.004011e+00
5.042741085401204e-04	1.004238e+00
5.052506710401204e-04	1.004385e+00
5.062272335401204e-04	1.004447e+00
5.072037960401204e-04	1.004470e+00
5.081803585401204e-04	1.004479e+00
5.091569210401204e-04	1.004482e+00
5.101334835401204e-04	1.004483e+00
5.111100460401205e-04	1.004484e+00
5.120866085401205e-04	1.004484e+00
5.130631710401205e-04	1.004484e+00
5.140397335401205e-04	1.004484e+00
5.150162960401205e-04	1.004484e+00
5.159928585401205e-04	1.004484e+00
5.179459835401205e-04	1.004484e+00
5.198991085401205e-04	1.004484e+00
5.218522335401205e-04	1.004484e+00
5.238053585401205e-04	1.004484e+00
5.257584835401205e-04	1.004484e+00
5.277116085401205e-04	1.004484e+00
5.296647335401205e-04	1.004484e+00
5.999999999999999e-04	1.004484e+00
6.000364263358070e-04	1.004470e+00
6.001092790074212e-04	1.004413e+00
6.002549843506494e-04	1.004169e+00
6.005463950371060e-04	1.003326e+00
6.010000000000000e-04	1.001599e+00
6.011360814888682e-04	1.001069e+00
6.013175234740258e-04	1.000548e+00
6.015746596872721e-04	1.000058e+00
6.018492155856672e-04	9.997689e-01
6.022296799385636e-04	9.995819e-01
6.025761404233342e-04	9.995127e-01
6.031017043073438e-04	9.994810e-01
6.036939149851953e-04	9.994714e-01
6.046704774851953e-04	9.994694e-01
6.056470399851953e-04	9.994692e-01
6.066236024851953e-04	9.994693e-01
6.076001649851953e-04	9.994693e-01
7.010000000000000e-04	9.994693e-01
7.010976562500000e-04	9.995550e-01
7.012929687500000e-04	9.998505e-01
7.016093750000000e-04	1.000619e+00
7.019999999999999e-04	1.001834e+00
7.020390625000000e-04	1.001966e+00
7.021171874999999e-04	1.002208e+00
7.022734374999999e-04	1.002599e+00
7.025859374999999e-04	1.003155e+00
7.030497022173122e-04	1.003678e+00
7.035711813601678e-04	1.004011e+00
7.042741085366695e-04	1.004238e+00
7.052506710366695e-04	1.004385e+00
7.062272335366695e-04	1.004447e+00
7.072037960366695e-04	1.004470e+00
7.081803585366695e-04	1.004479e+00
7.091569210366695e-04	1.004482e+00
7.101334835366695e-04	1.004483e+00
7.111100460366695e-04	1.004484e+00
7.120866085366695e-04	1.004484e+00
7.130631710366695e-04	1.004484e+00
7.140397335366695e-04	1.004484e+00
7.150162960366695e-04	1.004484e+00
7.159928585366695e-04	1.004484e+00
7.179459835366695e-04	1.004484e+00
7.198991085366695e-04	1.004484e+00
7.218522335366695e-04	1.004484e+00
7.238053585366695e-04	1.004484e+00
7.257584835366695e-04	1.004484e+00
7.277116085366695e-04	1.004484e+00
7.296647335366695e-04	1.004484e+00
7.999999999999999e-04	1.004484e+00
8.000364263413284e-04	1.004470e+00
8.001092790239855e-04	1.004413e+00
8.002549843892996e-04	1.004169e+00
8.005463951199277e-04	1.003326e+00
8.010000000000000e-04	1.001599e+00
8.011360814640217e-04	1.001069e+00
8.013175234160506e-04	1.000548e+00
8.015746596261702e-04	1.000058e+00
8.018492155313873e-04	9.997689e-01
8.022296798953986e-04	9.995819e-01
8.025761403627022e-04	9.995127e-01
8.031017042267150e-04	9.994810e-01
8.036939148759983e-04	9.994714e-01
8.046704773759983e-04	9.994694e-01
8.056470398759983e-04	9.994692e-01
8.066236023759983e-04	9.994693e-01
8.076001648759983e-04	9.994693e-01
8.857251648759983e-04	9.994693e-01
9.009999999999999e-04	9.994693e-01
9.010976562499999e-04	9.995550e-01
9.012929687499999e-04	9.998505e-01
9.016093750000000e-04	1.000619e+00
9.020000000000000e-04	1.001834e+00
9.020390625000001e-04	1.001966e+00
9.021171875000000e-04	1.002208e+00
9.022734375000000e-04	1.002599e+00
9.025859375000000e-04	1.003155e+00
9.030497022171564e-04	1.003678e+00
9.035711813600121e-04	1.004011e+00
9.042741085366343e-04	1.004238e+00
9.052506710366343e-04	1.004385e+00
9.062272335366343e-04	1.004447e+00
9.072037960366343e-04	1.004470e+00
9.081803585366343e-04	1.004479e+00
9.091569210366343e-04	1.004482e+00
9.101334835366343e-04	1.004483e+00
9.111100460366343e-04	1.004484e+00
9.120866085366343e-04	1.004484e+00
9.130631710366343e-04	1.004484e+00
9.140397335366343e-04	1.004484e+00
9.150162960366343e-04	1.004484e+00
9.159928585366343e-04	1.004484e+00
9.179459835366343e-04	1.004484e+00
9.198991085366343e-04	1.004484e+00
9.218522335366343e-04	1.004484e+00
9.238053585366343e-04	1.004484e+00
9.257584835366343e-04	1.004484e+00
9.277116085366343e-04	1.004484e+00
9.296647335366343e-04	1.004484e+00
9.996357365861094e-04	1.004484e+00
1.000000000000000e-03	1.004484e+00
