len	I(I1)/Id(M5)
2.700000000000000e-07	1.040400e+00
5.400000000000000e-07	1.015261e+00
8.100000000000001e-07	1.009575e+00
1.080000000000000e-06	1.007361e+00
1.350000000000000e-06	1.006246e+00
1.620000000000000e-06	1.005612e+00
1.890000000000000e-06	1.005232e+00
2.160000000000000e-06	1.005006e+00
2.430000000000000e-06	1.004883e+00
2.700000000000000e-06	1.004834e+00
2.970000000000000e-06	1.004843e+00
3.240000000000000e-06	1.004897e+00
3.510000000000000e-06	1.004989e+00
3.780000000000000e-06	1.005115e+00
4.050000000000000e-06	1.005269e+00
4.320000000000000e-06	1.005450e+00
4.590000000000000e-06	1.005655e+00
4.860000000000000e-06	1.005882e+00
5.130000000000000e-06	1.006130e+00
5.400000000000000e-06	1.006399e+00
5.670000000000000e-06	1.006687e+00
5.940000000000000e-06	1.006993e+00
6.210000000000000e-06	1.007317e+00
6.480000000000000e-06	1.007659e+00
6.750000000000000e-06	1.008018e+00
7.020000000000000e-06	1.008393e+00
7.290000000000000e-06	1.008785e+00
7.560000000000000e-06	1.009193e+00
7.830000000000000e-06	1.009616e+00
8.100000000000000e-06	1.010055e+00
8.370000000000001e-06	1.010510e+00
8.640000000000002e-06	1.010979e+00
8.910000000000003e-06	1.011464e+00
9.180000000000004e-06	1.011964e+00
9.450000000000004e-06	1.012478e+00
9.720000000000005e-06	1.013007e+00
9.990000000000006e-06	1.013551e+00
1.026000000000001e-05	1.014109e+00
1.053000000000001e-05	1.014681e+00
1.080000000000000e-05	1.015267e+00
